timestamp,open,high,low,close,volume
2024-06-20,175.3700,177.2900,174.9900,176.3000,20160085
2024-06-18,177.1400,177.3850,174.1042,175.0900,21869857
2024-06-17,175.4600,178.3600,174.8100,177.2400,19618497
2024-06-14,174.2200,177.0623,174.1500,176.7900,18063555
2024-06-13,176.1100,176.7400,174.8800,175.1600,20913299
2024-06-12,178.2500,180.4100,176.1100,177.7900,27864737
2024-06-11,176.2200,176.8400,173.7701,176.6200,21540582
2024-06-10,174.9700,177.0600,172.7600,175.0100,23779218
2024-06-07,177.0500,177.8700,174.3000,174.4600,19661399
2024-06-06,175.8950,177.1500,175.7500,176.7300,23251013
2024-06-05,175.2000,176.6450,173.9339,175.4100,22068519
2024-06-04,173.2800,173.8450,171.8900,173.7900,26879596
2024-06-03,172.5400,174.5250,171.1600,173.1700,27459118
2024-05-31,171.8600,173.0600,169.4400,172.5000,37638876
2024-05-30,175.2000,175.2200,171.7900,172.1100,22958677
2024-05-29,175.4300,176.8360,174.7200,175.9000,23388693
2024-05-28,174.4500,177.2700,174.3650,176.4000,20572157
2024-05-24,174.9800,175.7700,173.6500,174.9900,16579438
2024-05-23,177.0700,178.2500,172.9500,173.5500,21024935
2024-05-22,176.6440,177.1500,175.2100,176.3800,17880042
2024-05-21,176.9000,178.1500,175.8100,177.8500,16989369
2024-05-20,176.1920,178.7700,176.0800,176.9200,22554400
2024-05-17,174.1800,176.2650,173.6900,176.0600,24479262
2024-05-16,173.2900,175.1150,172.6900,174.1800,27867947
2024-05-15,170.6300,172.6500,170.5100,172.5100,26948370
2024-05-14,169.7700,171.2500,168.8000,170.3400,25127138
2024-05-13,164.2600,169.2800,164.0000,169.1400,31327602
2024-05-10,168.0250,169.8500,166.1900,168.6500,29799931
2024-05-09,169.3900,170.6900,168.1800,169.9600,15346700
2024-05-08,169.0000,170.1500,168.7350,169.3800,19569146
2024-05-07,168.5000,171.7600,168.3900,171.2500,28039696
2024-05-06,167.4600,168.1400,166.0300,168.1000,21871283
2024-05-03,167.5600,167.9600,163.0500,167.2400,34662432
2024-05-02,164.7850,166.7300,163.8900,166.6200,24294549
2024-05-01,164.3000,167.1200,163.0900,163.8600,33493151
2024-04-30,165.6120,168.1000,162.6000,162.7800,33562861
2024-04-29,169.0580,169.5500,165.2100,166.1500,45610024
2024-04-26,174.3700,174.7100,169.6500,171.9500,64665299
2024-04-25,151.3300,156.4900,150.8700,156.0000,57109730
2024-04-24,157.4900,159.5650,157.1650,159.1300,22779112
2024-04-23,156.9600,158.9700,156.2800,158.2600,21151568
2024-04-22,154.3100,157.6400,154.0600,156.2800,26446206
2024-04-19,156.2000,156.3600,152.3000,154.0900,32615639
2024-04-18,155.3400,156.9400,154.6200,156.0100,19883044
2024-04-17,155.6200,157.0800,154.5800,155.4700,21763130
2024-04-16,154.1900,155.6500,153.4300,154.4000,20779495
2024-04-15,158.8600,159.2400,154.5900,154.8600,27136472
2024-04-12,157.9600,160.2225,157.1400,157.7300,25353746
2024-04-11,156.9100,159.6800,156.4600,159.4100,27166431
2024-04-10,156.2100,156.6100,154.6800,156.1400,22838629
2024-04-09,156.0850,158.5600,155.1900,156.6000,30739691
2024-04-08,152.7800,155.2700,152.6100,154.8500,20577435
2024-04-05,150.0300,153.4200,149.6000,152.5000,23328522
2024-04-04,153.5000,154.7700,150.4500,150.5300,34468227
2024-04-03,153.6000,155.0800,152.7300,154.9200,23884801
2024-04-02,153.5000,154.7000,152.1500,154.5600,24491676
2024-04-01,150.6900,155.7400,150.6100,155.4900,31308247
2024-03-28,150.8500,151.4300,150.1700,150.9300,24485390
2024-03-27,151.1800,151.6350,148.9000,150.8700,22879178
2024-03-26,150.2200,152.2560,149.9800,150.6700,22149137
2024-03-25,149.9400,150.3750,147.8200,150.0700,19229285
2024-03-22,149.1200,151.5800,148.9800,150.7700,29211769
2024-03-21,149.4700,150.3700,146.9001,147.6000,24755597
2024-03-20,148.0000,148.8600,146.7350,148.7400,21311501
2024-03-19,148.1600,148.7913,146.0800,147.0300,24070435
2024-03-18,148.6100,152.1500,147.1700,147.6800,69273699
2024-03-15,142.5000,143.1800,140.0300,141.1800,49475417
2024-03-14,141.1900,143.5850,140.4550,143.1000,42570686
2024-03-13,139.0000,141.0900,138.9900,139.7900,23164162
2024-03-12,137.0300,139.3750,137.0300,138.5000,27353587
2024-03-11,136.1300,139.1000,136.1300,137.6700,31677211
2024-03-08,134.2100,138.0850,134.0000,135.4100,39370392
2024-03-07,132.7950,134.9400,131.6100,134.3800,37738209
2024-03-06,133.1200,133.5800,130.8500,131.4000,35318610
2024-03-05,131.8800,133.2400,130.6650,132.6700,40194757
2024-03-04,135.6600,135.6600,131.9100,133.3500,55999415
2024-03-01,138.4300,138.8700,136.9200,137.1400,31151116
2024-02-29,137.2800,138.8600,136.4000,138.4600,42132953
2024-02-28,137.9000,138.0100,135.4100,136.3800,37328558
2024-02-27,138.0200,139.2500,137.0900,138.8800,33099190
2024-02-26,142.1400,142.4400,137.3900,137.5700,53641795
2024-02-23,143.6700,144.6800,143.4300,143.9600,19493752
2024-02-22,144.9300,145.0000,142.8000,144.0900,27191892
2024-02-21,141.4500,142.6900,140.6750,142.5500,23315687
2024-02-20,139.6550,142.0800,139.4900,141.1200,24935710
2024-02-16,142.9900,143.1900,140.1400,140.5200,31468926
2024-02-15,143.1400,143.5200,140.4600,142.7700,37590695
2024-02-14,146.0800,146.5200,144.0940,145.9400,22704166
2024-02-13,144.9200,146.6700,143.6900,145.1400,27837730
2024-02-12,148.4200,149.3350,147.3700,147.5300,21564085
2024-02-09,146.6800,149.4400,146.1800,149.0000,26829504
2024-02-08,145.8300,146.3300,145.1050,145.9100,22563764
2024-02-07,144.7600,145.6150,143.9250,145.5400,25208862
2024-02-06,144.6500,145.3600,143.1900,144.1000,29128201
2024-02-05,142.8200,145.4700,142.7800,143.6800,38505405
2024-02-02,139.2600,142.6200,136.5000,142.3800,62499574
2024-02-01,142.1200,143.0600,140.7900,141.1600,40466549
2024-01-31,143.6200,144.0000,139.8700,140.1000,71910044
2024-01-30,152.8000,153.6200,151.1850,151.4600,36331833
2024-01-29,152.0600,153.7800,151.4300,153.5100,27784259
2024-01-26,151.1000,152.5350,151.0100,152.1850,26115494
2024-01-25,150.0650,153.0500,149.5400,151.8700,29149069
2024-01-24,148.5400,149.8550,148.1000,148.7000,25155644
2024-01-23,145.8900,147.1820,145.5000,147.0400,21636129
2024-01-22,147.1000,148.3900,145.8400,145.9900,32200369
2024-01-19,144.7400,146.4500,144.3800,146.3800,34271867
2024-01-18,142.0500,144.2100,141.9900,143.4800,25746417
2024-01-17,141.3450,141.8400,138.9000,141.4700,20968649
2024-01-16,142.0000,144.3500,141.4500,142.4900,22670467
2024-01-12,142.6700,143.1950,141.8200,142.6500,18785514
2024-01-11,143.4900,145.2200,140.6350,142.0800,24008722
2024-01-10,141.0000,143.0000,140.9100,142.2800,21320203
2024-01-09,138.5000,141.4850,138.1500,140.9500,24759598
2024-01-08,136.2900,139.0100,136.2600,138.8400,21403982
2024-01-05,136.7450,137.1558,135.1500,135.7300,21661914
2024-01-04,138.4200,139.1600,136.3500,136.3900,27137735
2024-01-03,137.2500,139.6300,137.0800,138.9200,24212147
2024-01-02,138.5500,139.4500,136.4800,138.1700,23711220
2023-12-29,139.6300,140.3600,138.7800,139.6900,18733017
2023-12-28,140.7800,141.1400,139.7500,140.2300,16045712
2023-12-27,141.5900,142.0800,139.8860,140.3700,19567216
2023-12-26,141.5900,142.6800,141.1900,141.5200,16780333
2023-12-22,140.7700,141.9900,140.7100,141.4900,26532199
2023-12-21,139.4900,140.6850,139.1800,140.4200,27488284
2023-12-20,138.9700,141.6950,138.0650,138.3400,49107179
2023-12-19,136.8400,137.4700,136.0800,136.6500,25436155
2023-12-18,132.6300,137.1478,132.4300,135.8000,32257967
2023-12-15,131.6200,133.5100,131.1800,132.6000,50847113
2023-12-14,133.3800,133.7200,129.6850,131.9400,38722413
2023-12-13,133.3800,133.5000,131.5700,132.5700,30104775
2023-12-12,131.8100,133.0000,131.2600,132.5200,29032831
2023-12-11,132.3800,133.3350,131.3600,133.2900,31138011
2023-12-08,134.2000,136.4000,134.0250,134.9900,32260112
2023-12-07,135.0400,138.5600,134.7000,136.9300,56767100
2023-12-06,131.4400,131.8400,129.8750,130.0200,22897543
2023-12-05,128.9500,132.1400,128.2500,130.9900,27384784
2023-12-04,129.8800,130.0300,127.9000,129.2700,36669876
2023-12-01,131.8600,132.1100,130.6650,131.8600,31442263
2023-11-30,135.0500,135.5500,131.2800,132.5300,38988263
2023-11-29,137.5700,138.2880,134.8400,134.9900,23967222
2023-11-28,136.0800,137.2500,135.4222,137.2000,18730032
2023-11-27,136.0300,138.4200,136.0000,136.4100,23436526
2023-11-24,138.0300,138.1300,135.9900,136.6900,12514322
2023-11-22,137.4700,139.4200,137.4700,138.4900,17820456
2023-11-21,136.2900,137.1800,135.9600,136.9700,22635272
2023-11-20,133.6900,136.6600,133.6200,136.2500,27850762
2023-11-17,136.0000,136.0600,133.6500,135.3100,37287691
2023-11-16,135.1900,137.2199,134.3200,136.9300,28013179
2023-11-15,134.8700,135.0300,133.5700,134.6200,23861515
2023-11-14,134.1900,135.7000,133.3200,133.6200,32395178
2023-11-13,131.7800,132.5900,131.2500,132.0900,18324751
2023-11-10,130.1050,132.8000,129.4100,132.5900,26927826
2023-11-09,131.9600,132.5500,130.0650,130.2400,23747773
2023-11-08,130.9700,132.2100,130.7800,131.8400,26425849
2023-11-07,130.7100,131.9100,129.8800,130.9700,29757276
2023-11-06,129.0500,130.3400,128.6700,130.2500,19052740
2023-11-03,128.0200,129.5250,127.8600,129.1000,26393109
2023-11-02,128.4200,128.9800,126.9300,127.4900,27124647
2023-11-01,124.0700,126.4900,123.7150,126.4500,30082438
2023-10-31,125.0600,125.3700,122.6850,124.0800,26292342
2023-10-30,123.2100,125.4000,122.7500,124.4600,28940081
2023-10-27,122.8800,123.3100,120.2057,122.1700,44566506
2023-10-26,123.2700,124.3297,121.2700,122.2800,57061140
2023-10-25,128.1600,128.3100,125.0700,125.6100,84366208
2023-10-24,137.8300,139.3599,137.4200,138.8100,44814321
2023-10-23,135.0400,137.6599,133.9500,136.5000,26317930
2023-10-20,137.3300,137.8700,135.0800,135.6000,26335673
2023-10-19,138.5000,139.6600,137.3800,137.7500,26066011
2023-10-18,139.4450,140.7200,137.3800,137.9600,23374998
2023-10-17,138.6300,139.9000,137.1800,139.7200,23515780
2023-10-16,138.1700,139.6300,137.9900,139.0950,28501871
2023-10-13,139.3800,140.0000,136.6150,137.3600,23435599
2023-10-12,141.0500,141.2200,138.2600,138.9700,24765537
2023-10-11,138.5800,141.1100,138.5800,140.5500,25884303
2023-10-10,138.5000,139.7200,137.3300,138.0600,27786613
2023-10-09,136.9400,138.9400,135.6100,138.4200,19278070
2023-10-06,134.0100,138.1550,134.0100,137.5800,27597598
2023-10-05,135.0700,135.4900,133.4500,135.0700,19832615
2023-10-04,132.7900,135.5700,132.5300,135.2400,26752295
2023-10-03,133.9400,134.2600,131.8400,132.4300,22989401
2023-10-02,131.2100,134.4200,131.1700,134.1700,22288038
2023-09-29,133.2800,134.0500,130.3600,130.8600,30859790
2023-09-28,129.8400,133.3000,129.7900,132.3100,22513132
2023-09-27,128.5700,130.8950,128.5700,130.5400,22746452
2023-09-26,129.7700,130.3645,127.2200,128.5650,25718704
2023-09-25,129.8300,131.1700,128.9600,131.1100,20094643
2023-09-22,130.7600,132.0250,129.6000,130.2500,26397337
2023-09-21,131.4400,132.2300,130.0700,130.4400,31503910
2023-09-20,138.0800,138.0800,133.6200,133.7400,29927475
2023-09-19,137.4200,138.4100,136.6200,138.0400,20353653
2023-09-18,136.6100,139.1600,136.6100,138.2100,21861346
2023-09-15,137.9800,138.5200,136.4800,137.4000,38919614
2023-09-14,137.6000,138.6950,136.2400,138.1000,24750968
2023-09-13,135.0900,136.9000,134.1500,136.7100,20749496
2023-09-12,136.2600,136.8701,135.1900,135.3400,18405505
2023-09-11,136.5400,137.4800,135.7850,136.9200,20763350
2023-09-08,134.9100,136.6600,134.8500,136.3800,23584188
2023-09-07,133.5900,135.5800,132.9500,135.2600,18844342
2023-09-06,136.0200,136.5299,133.6650,134.4600,18684534
2023-09-05,135.4400,136.4200,134.5801,135.7700,19403112
2023-09-01,137.4550,137.4550,134.8500,135.6600,21543687
2023-08-31,136.0100,138.0000,135.7900,136.1700,30053800
2023-08-30,134.7800,136.2750,134.0700,135.8800,28315769
2023-08-29,132.2400,136.5700,132.2400,134.5700,43075556
2023-08-28,131.3100,132.5400,130.1400,131.0100,20543266
2023-08-25,129.5400,130.7600,127.2500,129.8800,26762891
2023-08-24,133.9500,134.2500,129.5700,129.7800,28500694
2023-08-23,130.1800,133.4100,129.8700,132.3700,27819713
2023-08-22,128.5100,130.2780,128.3200,129.0800,22067520
2023-08-21,127.1750,128.7250,126.5600,128.3700,25248729
2023-08-18,128.5100,129.2500,126.3824,127.4600,30504769
2023-08-17,129.8000,131.9900,129.2900,129.9200,33446280
2023-08-16,128.7000,130.2809,127.8650,128.7000,25216068
2023-08-15,131.1000,131.4200,129.2800,129.7800,19770732
2023-08-14,129.3900,131.3700,128.9600,131.3300,24695608
2023-08-11,128.6600,129.9300,128.1700,129.5600,19591080
2023-08-10,131.3200,132.0500,129.4500,129.6900,20857754
2023-08-09,131.6600,132.0400,129.0000,129.6600,24912918
2023-08-08,130.6200,131.5100,129.5450,131.4000,23535181
2023-08-07,129.1600,131.6100,129.0200,131.5300,22746290
2023-08-04,129.2800,131.5100,127.9100,128.1100,26147158
2023-08-03,127.9700,129.3850,127.4200,128.4500,20159528
2023-08-02,129.4500,130.0900,127.5600,128.3800,26273258
2023-08-01,130.7750,132.6300,130.6800,131.5500,23276440
2023-07-31,132.7300,133.5250,131.7750,132.7200,28055531
2023-07-28,130.7800,133.7400,130.5700,132.5800,36591158
2023-07-27,131.6700,133.2400,128.7900,129.4000,44952074
2023-07-26,130.0700,130.9800,128.3200,129.2700,61682093
2023-07-25,121.3600,123.1450,121.0200,122.2100,52509551
2023-07-24,121.6600,123.0000,120.9800,121.5300,29723667
2023-07-21,120.6200,120.9900,118.7300,120.0200,71606474
2023-07-20,121.4200,124.0900,118.2200,119.2000,37906763
2023-07-19,124.6000,125.1800,121.8000,122.0300,37224033
2023-07-18,124.6000,124.6800,122.9600,123.7600,26226447
2023-07-17,125.9400,127.0999,124.1950,124.6500,25716215
2023-07-14,124.8000,126.7750,123.4900,125.4200,33283076
2023-07-13,120.9300,124.8300,120.4500,124.5400,44297915
2023-07-12,118.8000,120.3300,118.4145,118.9300,30404409
2023-07-11,116.2900,117.7100,115.3500,117.1400,23078782
2023-07-10,118.3000,118.3050,116.1350,116.4500,35315235
2023-07-07,120.1000,121.0500,119.4000,119.4800,21709549
2023-07-06,119.7950,120.3000,118.4000,120.1100,24778801
2023-07-05,119.2400,122.6100,119.2300,121.7500,27584809
2023-07-03,119.2400,120.1900,118.8182,119.9000,14467850
2023-06-30,120.1700,121.0800,119.6900,119.7000,29532241
2023-06-29,119.2400,120.0600,118.2950,119.1000,24090902
2023-06-28,117.0900,120.3900,116.8500,120.1800,27091449
2023-06-27,117.0800,119.0800,116.1000,118.3300,39535936
2023-06-26,120.7600,122.0000,118.2650,118.3400,33969897
2023-06-23,121.3800,122.7879,121.0600,122.3400,34913637
2023-06-22,120.0000,123.2400,118.8300,123.1500,26952246
2023-06-21,122.4000,122.6600,120.1000,120.5500,30306336
2023-06-20,122.9300,124.5700,122.1400,123.1000,26097492
2023-06-16,125.9300,126.1080,123.2800,123.5300,45535553
2023-06-15,123.1400,125.4600,122.4000,125.0900,35246268
2023-06-14,123.1000,124.0500,121.4500,123.6700,30592297
2023-06-13,124.9800,125.1600,123.1800,123.8300,22278313
2023-06-12,122.7850,124.0500,121.6600,123.6400,28338743
2023-06-09,122.2500,123.7550,121.9100,122.2300,23778319
2023-06-08,122.2250,123.2250,121.2400,122.1400,29389167
2023-06-07,126.9700,129.0400,122.1200,122.5000,52538986
2023-06-06,126.0100,128.2900,125.3600,127.3100,26638295
2023-06-05,124.0100,127.4300,123.8400,126.0100,32305531
2023-06-02,123.9900,126.1500,123.7600,124.6700,26980147
2023-06-01,122.8150,124.4200,122.6200,123.7200,30772683
2023-05-31,122.7500,124.0601,122.5000,122.8700,37244191
2023-05-30,125.6400,125.6600,122.0000,123.6700,35076658
2023-05-26,123.1700,125.2600,122.4500,124.6100,35635937
2023-05-25,124.5200,125.3200,121.9600,123.4800,42316986
2023-05-24,121.1200,121.9100,119.8600,120.9000,34182635
2023-05-23,124.1600,124.6250,122.2104,122.5600,34046251
2023-05-22,122.9400,126.4300,122.7400,125.0500,35253034
2023-05-19,123.5500,125.9700,122.1500,122.7600,41353445
2023-05-18,120.9500,123.3100,120.8300,122.8300,35234233
2023-05-17,119.6100,121.6700,118.8900,120.8400,33323588
2023-05-16,116.4900,120.7500,116.4300,119.5100,45035558
2023-05-15,116.1100,118.4800,116.0100,116.5100,36266765
2023-05-12,116.6800,118.0300,116.1100,117.5100,41102330
2023-05-11,115.3950,117.9200,114.4100,116.5700,78900029
2023-05-10,107.9700,112.9400,107.9300,111.7500,63153367
2023-05-09,108.3900,110.1500,107.1900,107.3500,36360141
2023-05-08,105.1800,107.9600,105.1600,107.7700,26511445
2023-05-05,104.8200,105.8800,104.1100,105.5700,26639254
2023-05-04,105.4850,105.6000,103.9700,104.6900,23419506
2023-05-03,105.5300,107.4900,104.9600,105.4100,21795405
2023-05-02,107.1400,107.2000,103.7100,105.3200,30997245
2023-05-01,106.8400,107.9900,106.8200,107.2000,26681680
2023-04-28,107.0400,107.3500,105.0900,107.3400,36139847
2023-04-27,104.4500,108.3700,103.5400,107.5900,50089187
2023-04-26,104.9200,106.3500,102.6300,103.7100,53139175
2023-04-25,105.8250,106.6900,103.8400,103.8500,46664104
2023-04-24,105.4900,106.6300,104.7000,105.9700,23542829
2023-04-21,105.4700,106.0000,104.7800,105.4100,25800082
2023-04-20,103.9100,106.2500,103.8684,105.2900,27820794
2023-04-19,103.5800,104.9800,103.0700,104.1800,20905684
2023-04-18,106.4900,106.5400,104.0700,104.5000,26596445
2023-04-17,104.6580,106.1600,104.5200,105.9700,37402371
2023-04-14,106.8900,108.9400,106.8400,108.8700,26578002
2023-04-13,105.8400,107.4900,105.8400,107.4300,24843579
2023-04-12,106.5800,106.7500,104.3400,104.6400,24370274
2023-04-11,106.5500,106.7300,104.6800,105.3500,26311803
2023-04-10,106.9800,107.5900,105.1200,106.4400,27067355
2023-04-06,105.2600,109.1700,104.3300,108.4200,48711480
2023-04-05,105.7800,106.1000,103.6600,104.4700,28290503
2023-04-04,104.3300,105.5800,104.0400,104.7200,24420079
2023-04-03,102.3900,104.5300,101.9300,104.3600,25035399
2023-03-31,101.3000,103.8900,101.0400,103.7300,36863369
2023-03-30,100.9100,101.1550,99.7800,100.8900,33086183
2023-03-29,102.2800,102.4900,100.6500,101.3900,28779572
2023-03-28,102.4400,102.4500,99.7400,101.0300,32057865
2023-03-27,104.6150,104.7600,101.9273,102.4600,31120864
2023-03-24,104.9900,105.4900,103.8400,105.4400,30411043
2023-03-23,105.0600,106.3000,104.4600,105.6000,40797769
2023-03-22,104.2700,106.5900,103.3300,103.3700,43427419
2023-03-21,101.2500,105.1000,101.2200,104.9200,42110279
2023-03-20,100.1200,101.7500,99.8700,101.2200,32960440
2023-03-17,100.2600,102.8350,100.1000,101.6200,61028547
2023-03-16,96.2000,101.1900,95.5000,100.3200,65567656
2023-03-15,93.2200,96.9300,92.6400,96.1100,50622050
2023-03-14,92.5600,94.3600,92.4400,93.9700,36050214
2023-03-13,90.0900,92.5700,89.4200,91.1100,37335573
2023-03-10,92.1700,92.7900,90.3950,90.6300,35941046
2023-03-09,94.0500,95.5300,91.9000,92.3200,28813532
2023-03-08,94.1200,95.9550,94.0000,94.2500,34103265
2023-03-07,94.9800,95.6700,93.5300,93.8600,27835476
2023-03-06,94.0150,95.9700,94.0000,95.1300,32639313
2023-03-03,92.4800,93.7300,92.4500,93.6500,35160105
2023-03-02,89.6600,92.2750,89.5900,92.0000,32226229
2023-03-01,89.9800,91.0300,89.6700,90.3600,31111225
2023-02-28,89.3300,91.2300,89.3200,90.0600,30142039
2023-02-27,89.8700,90.1600,89.3350,89.8700,27502302
2023-02-24,89.4400,89.8900,88.5750,89.1300,36585093
2023-02-23,91.9200,91.9400,89.7600,90.8900,41206380
2023-02-22,91.7000,92.1100,90.6100,91.6500,30884017
2023-02-21,93.0000,93.1000,91.7200,91.7900,33629256
2023-02-17,94.8500,95.5599,93.2100,94.3500,34284118
2023-02-16,95.3700,97.6800,94.7400,95.5100,42462618
2023-02-15,94.4900,97.1200,94.1500,96.9400,50298481
2023-02-14,94.4300,94.8450,92.2600,94.6800,54726120
2023-02-13,94.7400,95.2000,93.8400,94.6100,50076120
2023-02-10,95.4500,96.7500,94.2500,94.5700,54980696
2023-02-09,100.0000,100.0300,93.6300,95.0100,119455020
2023-02-08,102.0500,103.1400,98.0350,99.3700,94743515
2023-02-07,103.2200,108.1800,103.1200,107.6400,49010230
2023-02-06,102.4000,104.3600,101.8800,102.9000,31999562
2023-02-03,102.9300,107.8100,102.5800,104.7800,65309261
2023-02-02,105.8000,107.8500,105.6100,107.7400,69883762
2023-02-01,98.7100,101.1900,97.5800,100.4300,35531104
2023-01-31,96.8700,98.8800,96.8200,98.8400,29870669
2023-01-30,97.4800,98.2900,96.3950,96.9400,27226198
2023-01-27,97.3100,100.3200,97.3100,99.3700,33879753
2023-01-26,96.5000,97.5700,95.3800,97.5200,30113974
2023-01-25,95.5700,96.1620,93.7600,95.2200,42329952
2023-01-24,98.1000,99.6100,97.2000,97.7000,33078512
2023-01-23,97.9500,100.0400,97.5000,99.7900,40005055
2023-01-20,95.1000,98.3000,95.0200,98.0200,63191078
2023-01-19,90.7200,93.6050,90.6300,93.0500,37000395
2023-01-18,92.1400,92.7999,90.6400,91.1200,29116691
2023-01-17,92.0600,92.2500,90.0500,91.2900,32602423
2023-01-13,90.8500,92.1900,90.1299,92.1200,26329212
2023-01-12,91.4800,91.8700,89.7500,91.1300,30258135
2023-01-11,89.1800,91.6000,89.0100,91.5200,26861969
2023-01-10,85.9800,88.6700,85.8300,88.4200,30467755
2023-01-09,88.3600,90.0500,87.8600,88.0200,29003901
2023-01-06,86.7900,87.6900,84.8600,87.3400,41381495
2023-01-05,87.4700,87.5700,85.9000,86.2000,27194375
2023-01-04,90.3500,90.6500,87.2710,88.0800,34854776
2023-01-03,89.5850,91.0500,88.5200,89.1200,28131224
2022-12-30,86.9800,88.3000,86.5700,88.2300,23986297
2022-12-29,86.6200,88.8450,86.6100,88.4500,23333537
2022-12-28,86.9800,88.0400,85.9400,86.0200,19523176
2022-12-27,88.7950,88.9400,87.0100,87.3900,20097346
2022-12-23,87.1100,89.5450,87.0700,89.2300,23003035
2022-12-22,88.1600,88.5400,86.3200,87.7600,27658293
2022-12-21,89.0800,90.2200,88.3200,89.5800,24745637
2022-12-20,88.1100,89.1750,87.4401,89.0200,23453836
2022-12-19,90.2550,90.5600,88.2100,88.4400,29493030
2022-12-16,90.7600,91.3300,89.5200,90.2600,58011847
2022-12-15,93.1300,93.6400,90.0100,90.8600,40107033
2022-12-14,95.2000,96.8700,93.6000,95.0700,28733599
2022-12-13,97.7600,99.5300,95.0300,95.6300,40593656
2022-12-12,92.7100,93.5600,91.6100,93.3100,29009013
2022-12-09,93.7700,94.2600,92.7500,92.8300,28225448
2022-12-08,95.3800,95.5800,93.4500,93.7100,32213288
2022-12-07,96.4100,96.8811,94.7150,94.9400,31045449
2022-12-06,99.3000,99.7800,96.4200,96.9800,24910655
2022-12-05,99.4000,101.3800,99.0000,99.4800,24405087
2022-12-02,99.0500,100.7700,98.9000,100.4400,21480703
2022-12-01,101.0200,102.2500,100.2500,100.9900,28687096
2022-11-30,94.8200,101.0400,94.4200,100.9900,43647481
2022-11-29,95.7300,96.1200,94.1100,95.1900,20061720
2022-11-28,97.0363,97.5800,95.6100,96.0500,26252433
2022-11-25,98.2400,98.6400,97.4000,97.4600,9701441
2022-11-23,97.0900,98.7600,97.0900,98.4600,18868092
2022-11-22,95.9500,97.2200,94.0500,97.0500,23438480
2022-11-21,97.2900,98.4000,95.3550,95.6000,21647387
2022-11-18,98.7700,98.9000,96.3700,97.4300,28342297
2022-11-17,96.9700,99.2800,96.7900,98.3600,26052599
2022-11-16,97.9000,99.6375,97.6400,98.8500,29105154
2022-11-15,98.2600,100.1400,96.7100,98.4400,41640816
2022-11-14,95.0900,96.7900,94.5100,95.7000,30179539
2022-11-11,94.6900,96.9300,93.9200,96.4100,33090482
2022-11-10,92.2500,94.3900,91.6100,93.9400,51620136
2022-11-09,88.4500,89.4350,87.2800,87.3200,31769099
2022-11-08,88.9000,90.3200,87.5901,88.9000,30429025
2022-11-07,87.2800,88.9000,86.8500,88.4900,34078912
2022-11-04,85.4000,86.6400,83.7100,86.5800,51124904
2022-11-03,86.3200,86.5200,83.3400,83.4300,61288019
2022-11-02,90.9400,91.1800,86.8800,86.9700,57038282
2022-11-01,95.4500,96.0300,90.3700,90.4700,47161351
2022-10-31,95.4200,96.0300,93.9800,94.5100,31675036
2022-10-28,92.2700,96.5500,92.1300,96.2900,43697286
2022-10-27,94.5200,95.4300,91.8000,92.2200,60710859
2022-10-26,96.4300,98.3100,94.6900,94.9300,88279042
2022-10-25,102.9000,104.8200,102.7200,104.4800,40611375
2022-10-24,101.8000,102.7500,99.9800,102.5200,27176417
2022-10-21,97.8450,101.3100,97.7200,101.1300,32458722
2022-10-20,100.0000,102.3200,99.3900,99.9700,25323202
2022-10-19,100.0100,101.0183,98.9201,99.6300,23811064
2022-10-18,103.1300,103.4700,99.9700,100.7700,24060671
2022-10-17,98.8600,100.9300,98.8300,99.9700,28419192
2022-10-14,99.9900,100.6900,96.3700,96.5600,25410674
2022-10-13,95.1500,99.7750,94.3836,99.0600,34574549
2022-10-12,97.3000,98.7500,96.7350,97.5600,21876362
2022-10-11,97.4300,99.2450,96.3100,97.1800,26507103
2022-10-10,99.0000,99.0950,97.0100,97.8600,18225094
2022-10-07,99.8500,100.5300,98.2950,98.6800,27502765
2022-10-06,100.6800,102.9254,100.5900,101.4200,22323989
2022-10-05,99.8250,101.9300,98.8000,101.4300,22176903
2022-10-04,100.4400,101.8400,100.3800,101.6400,28850773
2022-10-03,96.7600,99.2872,96.5210,98.6400,27982031
2022-09-30,97.0500,98.9000,95.5600,95.6500,32941493
2022-09-29,98.6400,98.6400,95.9600,97.4200,31047224
2022-09-28,97.6500,100.7000,97.1100,100.0500,32466323
2022-09-27,99.4300,100.0000,96.8720,97.5000,30072781
2022-09-26,98.1000,99.8800,97.8000,98.1700,27072662
2022-09-23,99.6300,99.6600,97.4700,98.7400,31625437
2022-09-22,98.8200,101.2400,98.7900,100.1400,33986096
2022-09-21,101.6700,102.8800,99.2700,99.2800,31487265
2022-09-20,102.0800,102.3700,100.5200,101.1400,26517123
2022-09-19,101.7500,103.3300,101.5500,103.0700,23036811
2022-09-16,102.0700,103.1300,100.9400,102.8000,42797172
2022-09-15,104.0300,105.2700,102.3500,102.9100,34188284
2022-09-14,104.5700,105.2750,103.6600,105.0000,26395134
2022-09-13,107.8000,108.3000,104.0900,104.3200,38172871
2022-09-12,110.9900,111.6200,109.9300,110.8600,22966752
2022-09-09,109.0650,110.9900,109.0200,110.6500,23213585
2022-09-08,108.0400,109.6000,107.1600,108.3800,24238293
2022-09-07,107.0600,109.9800,106.9000,109.4500,23166967
2022-09-06,107.3000,108.0300,105.7800,106.8100,24994273
2022-09-02,110.5900,110.7400,107.2600,107.8500,24160711
2022-09-01,108.2800,110.4450,107.3600,109.7400,28360926
2022-08-31,110.6500,110.8500,108.1300,108.2200,28626972
2022-08-30,110.1700,110.5000,107.8000,108.9400,27513255
2022-08-29,109.9900,110.9500,108.8000,109.4200,21098514
2022-08-26,114.7200,115.1200,110.1900,110.3400,37245697
2022-08-25,114.2350,116.7200,114.1100,116.6500,16956794
2022-08-24,113.5000,114.7800,112.8701,113.6900,17734624
2022-08-23,113.4750,115.0100,113.4300,113.8600,15870373
2022-08-22,115.2000,115.6300,113.8500,114.2400,21456648
2022-08-19,119.0600,119.1500,116.7600,117.2100,21809528
2022-08-18,119.4300,120.8200,118.7200,120.1700,17987660
2022-08-17,120.1200,121.2900,119.3800,119.5500,22846958
2022-08-16,121.5200,122.4300,120.6400,121.7000,19041230
2022-08-15,121.1300,122.3000,120.6100,122.0800,19494825
2022-08-12,120.2600,121.6800,119.4600,121.6800,19096268
2022-08-11,121.2800,121.4900,118.5600,118.8400,24293654
2022-08-10,118.7800,120.9200,118.4100,119.7000,30930350
2022-08-09,117.1350,117.3200,115.7100,116.6300,19086465
2022-08-08,118.3900,120.1500,116.8800,117.3000,19169479
2022-08-05,116.2300,118.1056,116.0000,117.4700,19159520
2022-08-04,117.4800,118.7800,116.8900,118.1900,21602925
2022-08-03,115.7100,118.6200,115.4800,118.0800,28499014
2022-08-02,114.0000,116.3500,113.7200,115.1300,20236029
2022-08-01,115.3000,116.7200,114.3400,114.8600,26034288
2022-07-29,113.0800,116.7050,113.0600,116.3200,37223391
2022-07-28,112.3700,114.3400,111.4600,114.2200,32816568
2022-07-27,109.2600,113.9100,108.0100,113.0600,59858495
2022-07-26,106.6000,107.2000,104.0700,105.0200,47990963
2022-07-25,108.4100,109.8700,106.3000,107.5100,34690894
2022-07-22,111.0000,112.3400,106.5000,107.9000,48901184
2022-07-21,114.2800,114.5500,111.1132,114.3400,32676166
2022-07-20,113.1700,115.4000,112.4800,113.9000,35600426
2022-07-19,110.8500,114.0200,109.5600,113.8100,36530945
2022-07-18,112.6400,113.6800,108.3700,109.0300,42847038
2022-07-15,2240.0100,2262.8100,2218.0000,2235.5500,2338456
2022-07-14,2204.2100,2221.8600,2167.4600,2207.3500,1850152
2022-07-13,2234.0200,2283.9200,2224.0300,2227.0700,2186101
2022-07-12,2324.3000,2339.4800,2273.8044,2280.4100,1497985
2022-07-11,2359.9600,2359.9600,2306.6100,2313.5300,1562185
2022-07-08,2345.0000,2393.7000,2338.0250,2387.0700,1911908
2022-07-07,2301.6000,2383.7900,2296.6700,2375.6600,2046794
2022-07-06,2266.0400,2311.7900,2229.5200,2291.4400,1871569
2022-07-05,2142.0100,2267.5350,2114.6300,2265.2600,1969982
2022-07-01,2158.6600,2185.0000,2134.6100,2174.7500,1773783
2022-06-30,2200.0000,2217.7600,2135.0000,2179.2600,2158453
2022-06-29,2231.0400,2263.2050,2217.4501,2234.0300,1235841
2022-06-28,2316.0500,2346.1900,2236.9600,2240.1500,1794048
2022-06-27,2365.4600,2371.5900,2303.5937,2316.6700,1821038
2022-06-24,2259.9000,2361.5800,2259.0500,2359.5000,2058184
2022-06-23,2244.6300,2254.8500,2210.0100,2244.8400,1418096
2022-06-22,2211.1300,2266.9300,2207.6475,2229.7500,1538707
2022-06-21,2178.5900,2249.7850,2172.0000,2230.8800,2370790
2022-06-17,2120.6700,2173.9899,2100.9200,2142.8700,2568826
2022-06-16,2144.4200,2172.9700,2102.7601,2120.6700,2584248
2022-06-15,2170.9000,2228.4700,2153.3900,2195.2900,1984909
2022-06-14,2130.7000,2158.4900,2116.0000,2134.3100,1685313
2022-06-13,2135.7300,2175.8300,2122.3836,2127.8500,2362596
2022-06-10,2248.9000,2265.5800,2207.3224,2223.2300,2074092
2022-06-09,2326.5500,2365.9799,2295.5200,2296.7100,1289898
2022-06-08,2335.2300,2371.4100,2332.0000,2343.8800,1305387
2022-06-07,2309.6100,2353.8200,2301.0400,2342.9900,1579523
2022-06-06,2334.0900,2386.9400,2323.2800,2336.4100,1677077
2022-06-03,2321.2500,2326.4325,2270.3700,2290.8200,1306773
2022-06-02,2280.0000,2357.9900,2258.9300,2352.4500,1899614
2022-06-01,2297.1000,2342.0311,2265.0000,2277.8400,1830276
2022-05-31,2254.9300,2314.7000,2241.5700,2275.2400,2500613
2022-05-27,2189.6600,2246.3600,2182.7650,2246.3300,1895706
2022-05-26,2113.5400,2172.9900,2104.4971,2155.8500,1897361
2022-05-25,2099.7100,2130.0000,2077.1300,2116.1000,2012867
2022-05-24,2115.4400,2129.1650,2037.6936,2119.4000,3838989
2022-05-23,2191.7500,2242.9500,2174.8200,2229.7600,1859247
2022-05-20,2239.0200,2243.6700,2115.9272,2178.1600,2448148
2022-05-19,2228.6300,2260.2000,2200.0000,2207.6800,1707220
2022-05-18,2300.0000,2308.0000,2231.1100,2237.9900,1756299
2022-05-17,2336.8100,2338.0000,2297.3950,2329.4600,1152658
2022-05-16,2299.1100,2323.4000,2277.7900,2288.9000,1299522
2022-05-13,2290.6600,2357.5000,2272.1001,2321.0100,1751924
2022-05-12,2227.5500,2285.9000,2196.4900,2256.8800,2691809
2022-05-11,2264.7300,2327.2882,2264.7300,2272.0500,1876737
2022-05-10,2310.1500,2325.0000,2258.0100,2287.9000,1995019
2022-05-09,2265.0000,2301.5418,2240.0101,2250.2200,2040143
2022-05-06,2303.6900,2351.4300,2280.3100,2314.9300,1985479
2022-05-05,2404.0800,2420.7800,2300.1150,2330.1100,2292029
2022-05-04,2340.6300,2457.0900,2302.3200,2445.2200,2487859
2022-05-03,2328.6100,2368.8363,2320.6900,2346.6800,1248368
2022-05-02,2268.1000,2334.9100,2252.0000,2331.6600,1776651
2022-04-29,2334.6900,2358.3950,2276.2900,2282.1900,2133800
2022-04-28,2328.3000,2392.9900,2282.3000,2370.4500,2444232
2022-04-27,2289.3850,2344.8400,2254.7301,2285.8900,4591029
2022-04-26,2445.8900,2450.2000,2370.2200,2373.0000,3351262
2022-04-25,2382.0200,2465.5500,2370.2200,2461.4800,2306413
2022-04-22,2500.0000,2508.0400,2378.5000,2392.7100,2844186
2022-04-21,2585.0000,2601.9700,2490.5300,2496.2900,1822258
2022-04-20,2617.8400,2627.9800,2550.0000,2560.8000,1573067
2022-04-19,2553.8300,2606.6600,2539.9900,2600.1800,1324488
2022-04-18,2540.0000,2564.2500,2523.6400,2553.5300,1040433
2022-04-14,2609.5900,2609.5900,2532.0200,2534.6000,1579899
2022-04-13,2560.0000,2606.6800,2554.8250,2597.8800,1396362
2022-04-12,2632.0000,2632.0000,2535.7797,2554.2900,1635535
2022-04-11,2636.4700,2641.8500,2573.3700,2576.4700,1844153
2022-04-08,2711.6700,2713.4000,2659.3100,2665.7500,1257140
2022-04-07,2720.2000,2743.2900,2684.5479,2717.7700,1311680
2022-04-06,2775.0000,2787.2100,2710.3400,2730.9600,1623424
2022-04-05,2857.3800,2859.8100,2807.6500,2811.8200,1045707
2022-04-04,2807.1700,2874.2400,2806.2100,2859.4300,1298542
2022-04-01,2790.0000,2809.4150,2766.1500,2803.0100,1297072
2022-03-31,2841.0600,2842.1550,2780.4900,2781.3500,1876236
2022-03-30,2849.2000,2854.4063,2832.0000,2838.7700,994238
2022-03-29,2852.9500,2875.8700,2840.7650,2850.1100,1715851
2022-03-28,2818.0100,2840.0500,2796.2250,2829.1100,1752463
2022-03-25,2838.3200,2840.7000,2794.7500,2833.4600,1204457
2022-03-24,2784.0000,2832.3750,2755.0100,2831.4400,1319828
2022-03-23,2774.0500,2791.7700,2756.7000,2765.5100,1257670
2022-03-22,2722.0300,2821.0000,2722.0300,2797.3600,1739455
2022-03-21,2723.2700,2741.0000,2681.8450,2722.0300,1327701
2022-03-18,2668.4900,2724.8800,2645.1650,2722.5100,2203619
2022-03-17,2662.9800,2681.6080,2643.7000,2676.7800,1413196
2022-03-16,2614.6600,2666.6600,2574.6900,2665.6100,1778849
2022-03-15,2539.5200,2597.0900,2514.4100,2583.9600,1545976
2022-03-14,2605.0000,2608.1800,2505.5000,2519.0200,1940563
2022-03-11,2669.7700,2675.9100,2592.6300,2597.4100,1576322
2022-03-10,2625.3200,2665.4350,2618.2500,2648.5900,1355070
2022-03-09,2625.0000,2674.7100,2598.0100,2668.4000,1851270
2022-03-08,2525.0000,2625.0000,2513.4937,2542.0900,2021355
2022-03-07,2629.7600,2634.7000,2525.9000,2527.5700,2255647
2022-03-04,2658.5500,2677.0300,2606.7500,2638.1300,1522532
2022-03-03,2720.2000,2728.7899,2660.5100,2677.9900,1230162
2022-03-02,2692.5600,2705.2500,2661.4308,2691.4300,1175990
2022-03-01,2697.5700,2725.1100,2664.3700,2681.2300,1324768
2022-02-28,2661.0000,2715.0300,2651.8450,2701.1400,1943221
2022-02-25,2671.0400,2705.4300,2635.0300,2689.1900,1820299
2022-02-24,2499.0650,2660.0000,2499.0650,2653.8200,2722754
2022-02-23,2632.9700,2641.0200,2550.5500,2551.7600,1639301
2022-02-22,2596.7618,2643.6050,2564.4650,2596.2700,2223099
2022-02-18,2669.3400,2681.3999,2603.9300,2608.0600,2280972
2022-02-17,2724.8600,2742.2699,2649.5700,2650.7800,1947475
2022-02-16,2732.9300,2761.7200,2698.4750,2754.7600,1251065
2022-02-15,2751.4100,2762.1700,2716.4300,2732.1700,1335563
2022-02-14,2665.1300,2726.0000,2665.1300,2710.5200,1715054
2022-02-11,2772.0000,2783.1250,2668.0000,2685.6500,1997917
2022-02-10,2794.0700,2829.6900,2759.1400,2772.4000,1966533
2022-02-09,2819.2700,2850.4850,2803.7406,2831.8400,2007194
2022-02-08,2780.5300,2800.0000,2740.2770,2787.9800,2714180
2022-02-07,2885.0000,2885.0000,2778.0000,2784.0200,2748665
2022-02-04,2868.8927,2897.5000,2810.3000,2865.8600,2899911
2022-02-03,2914.1100,2993.5000,2853.3063,2861.8000,3575861
2022-02-02,3025.0000,3030.9315,2910.4501,2960.0000,6159961
2022-02-01,2751.8900,2755.8550,2687.3700,2752.8800,3432182
2022-01-31,2683.2399,2709.4600,2644.1900,2706.0700,1999300
2022-01-28,2593.1800,2667.1300,2569.7000,2667.0200,1718074
2022-01-27,2626.0800,2653.0450,2578.6458,2580.1000,1600939
2022-01-26,2622.3800,2660.0000,2542.8400,2584.6600,2456475
2022-01-25,2574.8000,2587.9800,2530.0100,2538.7000,2348028
2022-01-24,2519.5600,2624.0600,2490.0000,2616.0800,3834712
2022-01-21,2651.8700,2697.3106,2601.7300,2607.0300,2782571
2022-01-20,2725.0000,2752.5200,2659.2931,2666.1500,1495357
2022-01-19,2730.4700,2759.1900,2700.3100,2702.3300,1400853
2022-01-18,2723.5000,2742.6300,2708.7650,2719.9600,1722349
2022-01-14,2741.5800,2814.8400,2739.9700,2789.6100,1483064
2022-01-13,2830.8000,2857.0000,2768.1800,2771.7400,1571830
2022-01-12,2823.0000,2852.1550,2813.8900,2828.6100,1305602
2022-01-11,2760.1400,2804.3200,2733.8450,2794.7200,1212802
2022-01-10,2701.5600,2776.3900,2663.2900,2773.3900,2220406
2022-01-07,2762.9100,2768.9700,2715.3300,2740.3400,1488028
2022-01-06,2739.9700,2798.8000,2731.1700,2754.9500,1867371
2022-01-05,2888.4000,2889.9875,2753.7600,2755.5000,2730914
2022-01-04,2907.9200,2929.6978,2874.3250,2887.9900,1419972
2022-01-03,2901.1000,2917.0200,2874.2550,2899.8300,1433947
2021-12-31,2921.0000,2933.9700,2897.0400,2897.0400,879717
2021-12-30,2933.8800,2946.0000,2919.8900,2924.0100,784386
2021-12-29,2932.8857,2948.3400,2912.9500,2933.1000,889373
2021-12-28,2964.7200,2965.9801,2921.0856,2933.7400,912715
2021-12-27,2945.1200,2966.8799,2943.3850,2958.1300,799223
2021-12-23,2930.0000,2964.8700,2929.0400,2938.3300,1319172
2021-12-22,2861.3500,2930.0000,2861.3500,2928.3000,1316119
2021-12-21,2841.0700,2877.3800,2810.0500,2869.4500,1437768
2021-12-20,2800.0000,2835.4900,2786.4200,2832.1400,1359618
2021-12-17,2850.0000,2876.6900,2826.0000,2834.5000,2550894
2021-12-16,2943.4100,2953.5350,2872.1400,2888.9000,1682519
2021-12-15,2868.1800,2934.4200,2833.5578,2928.8200,1818523
2021-12-14,2879.3600,2889.6000,2824.2950,2878.1400,1922312
2021-12-13,2955.6300,2959.4000,2910.3500,2916.5300,1353470
2021-12-10,2974.0000,2979.5500,2934.0750,2960.0300,1223138
2021-12-09,2951.8200,2982.0000,2942.3001,2952.7700,1163486
2021-12-08,2951.9300,2967.8600,2928.1200,2963.7300,1213516
2021-12-07,2911.9300,2950.6234,2904.5500,2945.3900,1612015
2021-12-06,2860.8100,2877.0500,2803.0000,2863.1000,1530905
2021-12-03,2873.6200,2888.0000,2806.0200,2840.0300,2061508
2021-12-02,2825.0000,2877.2900,2804.2900,2859.3200,1459742
2021-12-01,2880.0000,2919.0050,2818.2400,2821.0300,1702762
2021-11-30,2900.1700,2920.0000,2832.0300,2837.9500,2103361
2021-11-29,2880.0000,2925.9500,2877.8700,2910.6100,1629752
2021-11-26,2886.9700,2891.1500,2836.8500,2843.6600,1523462
2021-11-24,2909.4700,2924.9850,2887.4600,2922.4000,902007
2021-11-23,2923.0600,2933.2000,2882.3000,2915.6400,1361558
2021-11-22,2986.6500,2996.5900,2922.9500,2926.0400,1531460
2021-11-19,2999.5088,3019.3300,2977.9800,2978.5300,1684969
2021-11-18,2964.8300,3011.6100,2957.6900,2996.7700,1781411
2021-11-17,2960.5500,2971.1900,2944.8000,2960.9400,979975
2021-11-16,2962.9900,2975.2500,2946.2500,2957.5200,945200
2021-11-15,2978.0100,2990.9900,2951.5000,2969.0400,1175352
2021-11-12,2932.3100,2977.0000,2908.2201,2973.5600,1084903
2021-11-11,2929.7900,2950.7100,2912.0100,2915.3300,825874
2021-11-10,2950.0000,2961.4000,2890.7500,2917.8700,1498490
2021-11-09,2984.6600,2996.6900,2944.8950,2978.3700,972092
2021-11-08,2996.5000,3012.2950,2968.6100,2980.6200,1152625
2021-11-05,2983.3900,3006.5500,2963.9400,2977.0400,1917737
2021-11-04,2942.4900,2994.6700,2926.1600,2965.3500,1920563
2021-11-03,2918.0100,2933.3800,2891.8200,2931.9600,1374662
2021-11-02,2891.5900,2932.1800,2886.7100,2908.6500,1598865
2021-11-01,2960.9200,2960.9200,2864.5100,2869.9400,2314557
2021-10-29,2901.5600,2964.8400,2892.9900,2960.9200,2166015
2021-10-28,2942.6900,2943.1600,2892.5350,2916.9800,1810319
2021-10-27,2788.1000,2973.0000,2788.1000,2924.3500,4289070
2021-10-26,2785.2700,2801.6588,2766.0900,2786.1700,2461751
2021-10-25,2751.0000,2760.0000,2708.4800,2748.9400,1720613
2021-10-22,2783.0000,2811.6550,2721.1200,2751.3300,2529448
2021-10-21,2835.3800,2843.1200,2810.0000,2837.7200,1314613
2021-10-20,2866.7600,2870.9218,2827.5300,2835.3800,1164403
2021-10-19,2867.7500,2873.2500,2852.0000,2864.7400,1008150
2021-10-18,2821.5300,2855.9200,2821.3890,2855.5600,1019808
2021-10-15,2832.2900,2834.3600,2815.1000,2827.3600,1513722
2021-10-14,2789.4761,2826.7450,2776.5000,2823.0200,1596397
2021-10-13,2748.0500,2760.0000,2730.3763,2751.6400,983116
2021-10-12,2789.6000,2790.1400,2715.2000,2728.9800,1816612
2021-10-11,2785.8400,2814.2400,2777.1800,2778.2800,897681
2021-10-08,2791.5400,2806.6207,2784.3500,2795.7100,1326292
2021-10-07,2777.8400,2800.8400,2773.0240,2784.5000,1255507
2021-10-06,2695.0000,2755.0000,2691.0000,2751.3000,1218214
2021-10-05,2680.8200,2744.4900,2680.8200,2720.4600,1620163
2021-10-04,2719.2100,2719.2100,2621.0000,2673.1900,2560097
2021-10-01,2688.9500,2738.2100,2681.4600,2730.8600,1768009
2021-09-30,2685.2300,2710.8500,2671.1200,2673.5200,1901440
2021-09-29,2739.6000,2743.0200,2677.3000,2687.0700,1542435
2021-09-28,2773.1000,2781.9300,2707.2000,2716.6000,2288610
2021-09-27,2816.0853,2838.7699,2801.3500,2821.4400,1094098
2021-09-24,2810.7700,2846.6050,2804.8200,2844.3000,1149195
2021-09-23,2819.7500,2833.9300,2808.0300,2824.3200,1047550
2021-09-22,2786.0800,2817.7400,2771.0300,2805.6700,1252778
2021-09-21,2794.9900,2800.2300,2765.5600,2780.6600,1266595
2021-09-20,2763.2300,2780.0000,2726.4350,2774.3900,2325902
2021-09-17,2860.6100,2869.0000,2809.3950,2816.0000,2669223
2021-09-16,2879.0100,2886.0000,2848.0300,2872.2000,1309771
2021-09-15,2855.4300,2889.0100,2826.9500,2888.5900,1370379
2021-09-14,2859.9050,2867.2600,2835.0000,2850.8900,983693
2021-09-13,2838.9900,2859.0000,2825.0000,2846.6500,1104692
2021-09-10,2884.2500,2894.3700,2814.7550,2817.5200,1841967
2021-09-09,2876.8100,2886.2100,2863.5500,2870.8200,765855
2021-09-08,2882.0000,2888.0000,2860.0000,2873.8200,917511
2021-09-07,2876.6900,2891.3000,2872.3800,2885.6100,1006595
2021-09-03,2861.6100,2883.1000,2848.0100,2874.7900,992718
2021-09-02,2904.3200,2910.3850,2863.6950,2865.7400,1617907
2021-09-01,2900.0000,2925.0750,2897.6700,2904.3100,1096805
2021-08-31,2902.9400,2903.4250,2885.6200,2893.9500,1122438
2021-08-30,2888.0000,2919.4100,2883.2600,2891.8100,1221710
2021-08-27,2833.0500,2890.2500,2829.9400,2880.0800,1439010
2021-08-26,2835.0000,2848.3500,2827.1400,2828.8100,1030466
2021-08-25,2832.5000,2843.7897,2827.5200,2841.5800,792574
2021-08-24,2812.2300,2841.6000,2806.7700,2825.2300,963361
2021-08-23,2759.3900,2817.4900,2752.1500,2800.8300,1422670
2021-08-20,2720.0000,2751.0800,2705.0000,2748.5900,1559658
2021-08-19,2688.7100,2727.0500,2685.0000,2713.6000,1089127
2021-08-18,2730.0000,2742.0850,2706.4300,2708.9800,962947
2021-08-17,2755.0000,2765.3100,2721.6400,2733.2300,1085760
2021-08-16,2750.4979,2767.2500,2705.9750,2766.1900,1119918
2021-08-13,2745.0000,2757.1300,2740.6600,2754.5500,757647
2021-08-12,2719.5100,2746.0000,2708.5100,2743.8800,825943
2021-08-11,2743.6300,2753.6450,2725.4300,2725.5800,767600
2021-08-10,2746.8400,2755.4461,2727.2900,2736.1400,970704
2021-08-09,2718.8500,2743.6800,2706.7850,2738.2600,888300
2021-08-06,2720.8400,2729.4500,2704.2000,2714.7700,1024406
2021-08-05,2713.6100,2727.0000,2696.9200,2725.0300,893450
2021-08-04,2706.9900,2712.9900,2689.7400,2702.5100,983801
2021-08-03,2702.7000,2714.6400,2666.3900,2712.6000,1038094
2021-08-02,2702.3400,2706.7300,2675.8828,2697.0900,1081710
2021-07-30,2700.7000,2706.0900,2685.1000,2694.5300,1278789
2021-07-29,2723.0000,2733.2203,2710.8600,2715.5500,1496083
2021-07-28,2726.2390,2765.9400,2705.5500,2721.8800,4756530
2021-07-27,2685.0100,2687.9800,2602.0800,2638.0000,2735474
2021-07-26,2666.5650,2684.7400,2646.0300,2680.7000,1528574
2021-07-23,2608.6100,2667.9799,2596.0100,2660.3000,2075321
2021-07-22,2556.8800,2569.6600,2549.9769,2568.4300,715094
2021-07-21,2522.6700,2551.9200,2520.4700,2550.9800,1037309
2021-07-20,2510.5500,2540.8636,2487.0100,2524.1900,1315822
2021-07-19,2521.7900,2524.1000,2470.1000,2491.5600,1398379
2021-07-16,2553.2600,2556.2300,2523.0700,2539.4000,1021227
2021-07-15,2572.9800,2574.0000,2530.6000,2540.1000,1210940
2021-07-14,2559.1600,2586.5266,2558.2892,2564.7400,1187283
2021-07-13,2540.7700,2561.1500,2533.4900,2546.8300,962347
2021-07-12,2523.5600,2541.3888,2512.2150,2539.5100,883389
2021-07-09,2500.5000,2514.6900,2491.0250,2510.3700,931584
2021-07-08,2480.5200,2511.9100,2480.4400,2500.8800,1189467
2021-07-07,2543.2400,2545.6800,2523.0600,2529.4800,1202951
2021-07-06,2512.9700,2528.5600,2491.6501,2523.8000,1320179
2021-07-02,2463.0000,2508.0800,2461.1900,2505.1500,1300109
2021-07-01,2434.5000,2451.7400,2430.6300,2448.8900,905641
2021-06-30,2439.8900,2445.1400,2427.0900,2441.7900,1223699
2021-06-29,2453.4071,2460.4150,2433.8150,2445.4500,1155436
2021-06-28,2453.5700,2455.6950,2428.1101,2450.7200,1426271
2021-06-25,2440.0000,2452.6600,2431.3050,2450.1700,1729819
2021-06-24,2454.0000,2461.1107,2446.0000,2450.0000,1068257
2021-06-23,2441.8700,2461.9100,2436.6900,2442.5400,957708
2021-06-22,2435.0000,2448.0000,2421.2800,2446.6100,1119510
2021-06-21,2410.0100,2440.0000,2397.9700,2436.2500,1370683
2021-06-18,2427.3400,2432.0600,2400.3000,2402.2200,2305760
2021-06-17,2413.9500,2450.4500,2410.0000,2434.8700,1292444
2021-06-16,2431.4400,2437.7200,2389.4000,2415.4500,1316557
2021-06-15,2449.0000,2455.5100,2421.1200,2428.3900,1078107
2021-06-14,2432.2600,2448.9200,2418.0000,2448.9100,1104878
2021-06-11,2440.0000,2441.7200,2418.9600,2430.2000,1097907
2021-06-10,2406.9200,2436.0000,2403.7800,2435.1300,1295375
2021-06-09,2411.4300,2412.8800,2396.9000,2407.9400,897052
2021-06-08,2412.0100,2419.5202,2394.7800,2398.4400,1211992
2021-06-07,2389.4360,2404.5099,2381.0000,2402.3000,1205966
2021-06-04,2369.2700,2399.0300,2362.4100,2393.5700,1222910
2021-06-03,2345.7300,2357.0150,2329.5200,2347.5800,934796
2021-06-02,2389.1500,2393.6400,2352.3550,2370.5900,1058146
2021-06-01,2374.4400,2385.7100,2354.2800,2381.1800,1167901
2021-05-28,2374.4200,2376.0700,2352.8500,2356.8500,1074540
2021-05-27,2389.0500,2389.0500,2356.2600,2362.6800,1761201
2021-05-26,2366.5200,2388.9900,2366.4625,2380.3100,1078598
2021-05-25,2372.0000,2384.0000,2355.0000,2362.8700,1121982
2021-05-24,2314.8900,2365.5500,2311.9550,2361.0400,1591610
2021-05-21,2317.4100,2318.8900,2289.3000,2294.1300,2031590
2021-05-20,2291.0000,2312.0000,2283.5200,2306.9500,1617550
2021-05-19,2228.4300,2274.9900,2225.4400,2271.5000,1184205
2021-05-18,2302.3500,2307.6818,2262.1900,2262.4700,1110185
2021-05-17,2263.5700,2289.7800,2255.5101,2288.9200,1079869
2021-05-14,2258.5400,2284.7200,2250.0000,2278.3800,1599829
2021-05-13,2226.1200,2239.4375,2206.7200,2229.0400,1661020
2021-05-12,2226.1900,2247.9800,2193.6200,2200.2500,2318774
2021-05-11,2243.0700,2280.2800,2233.9200,2270.0600,1709292
2021-05-10,2328.1400,2331.0000,2284.5400,2291.7500,1545729
2021-05-07,2363.8900,2371.2500,2346.1550,2351.9300,1444862
2021-05-06,2306.3300,2337.3500,2293.0418,2337.3500,1259523
2021-05-05,2328.6300,2335.0000,2308.2800,2314.7700,1331809
2021-05-04,2313.5500,2324.9899,2256.6800,2306.8300,2240932
2021-05-03,2364.9100,2381.5500,2335.5000,2343.0800,1412139
2021-04-30,2368.0200,2381.8500,2346.5600,2353.5000,2242838
2021-04-29,2389.2300,2404.1600,2373.8500,2392.7600,2061654
2021-04-28,2392.4954,2431.3800,2353.2200,2359.0400,4055340
2021-04-27,2317.6326,2318.4500,2286.1600,2290.9800,2219280
2021-04-26,2304.5200,2324.5300,2297.3150,2309.9300,1601892
2021-04-23,2267.0000,2306.1175,2261.2500,2299.9300,1455554
2021-04-22,2275.4000,2288.8814,2240.3200,2252.5200,1207276
2021-04-21,2272.0500,2280.0000,2244.8200,2278.3500,1160209
2021-04-20,2297.4900,2298.9999,2257.1200,2279.0100,1114416
2021-04-19,2270.1800,2304.0900,2270.1800,2289.7600,1514470
2021-04-16,2289.2400,2294.2400,2270.9200,2282.7500,1314139
2021-04-15,2261.9500,2296.0000,2251.1700,2285.2500,1458749
2021-04-14,2267.4300,2267.4300,2236.0150,2241.9100,1050143
2021-04-13,2250.9900,2263.4700,2243.0500,2254.4300,1284078
2021-04-12,2254.1200,2256.8850,2227.8200,2244.6200,1251183
2021-04-09,2245.4400,2273.9700,2237.2550,2270.6700,1307265
2021-04-08,2264.0000,2271.7899,2243.0100,2250.4300,1433214
2021-04-07,2213.1000,2244.5000,2213.1000,2239.0300,1206696
2021-04-06,2210.9200,2228.0000,2201.7900,2209.2600,1762039
2021-04-05,2147.1500,2228.9900,2145.2050,2218.9600,2425480
2021-04-01,2092.2500,2135.7500,2091.4300,2129.7800,1994005
2021-03-31,2054.4000,2086.2600,2047.0000,2062.5200,2128482
2021-03-30,2052.9800,2062.6700,2036.1500,2046.4700,1365856
2021-03-29,2022.1600,2049.2100,2005.4500,2045.7900,1324631
2021-03-26,2031.7900,2039.3850,2003.8500,2024.7300,1398875
2021-03-25,2029.0500,2045.6400,1996.0900,2032.4600,1780787
2021-03-24,2051.7600,2067.6000,2029.0001,2032.5300,1260853
2021-03-23,2039.9500,2064.1100,2028.0001,2041.3300,1425456
2021-03-22,2027.6300,2048.3400,2014.0000,2030.6900,1676771
2021-03-19,2029.7300,2037.0400,2002.9300,2026.9600,2303596
2021-03-18,2048.1800,2068.7460,2019.1800,2021.3400,1585648
2021-03-17,2068.4700,2099.0000,2044.1218,2082.2200,1319126
2021-03-16,2065.9900,2113.6800,2059.2900,2083.8900,1595015
2021-03-15,2044.9750,2054.9900,2027.7900,2054.4400,1310741
2021-03-12,2076.4100,2077.6100,2032.4200,2050.0000,1690899
2021-03-11,2058.2200,2111.2700,2056.4500,2100.5400,1385130
2021-03-10,2061.4000,2061.4000,2019.3300,2036.1900,1355004
2021-03-09,2049.7500,2063.9153,2035.6000,2040.3600,1696031
2021-03-08,2084.0600,2113.7400,2005.1900,2007.5000,1843371
2021-03-05,2061.1500,2106.2000,2027.7773,2097.0700,2654977
2021-03-04,2014.8690,2074.5900,2005.4300,2033.9300,2460786
2021-03-03,2051.9500,2075.9900,1994.0000,2011.4100,1694645
2021-03-02,2064.8400,2094.7400,2056.6700,2064.4800,1278184
2021-03-01,2048.0000,2076.2300,2034.4200,2069.6600,1303089
2021-02-26,2029.9500,2056.5200,2001.0100,2021.9100,1978740
2021-02-25,2055.9300,2083.0000,2006.4900,2015.9500,2047513
2021-02-24,2030.0400,2088.3200,2027.5300,2083.8100,1130437
2021-02-23,2013.9900,2072.5000,1990.2300,2060.1200,1732899
2021-02-22,2053.6000,2080.3300,2048.0000,2054.2600,1458920
2021-02-19,2107.7900,2118.5800,2083.4300,2088.8100,1896939
2021-02-18,2105.0000,2121.9900,2093.3300,2105.8100,1128549
2021-02-17,2093.9800,2122.4434,2088.3500,2118.6200,986524
2021-02-16,2091.7500,2145.1400,2091.7500,2110.7000,1550195
2021-02-12,2079.7700,2099.5000,2073.5700,2095.0300,949525
2021-02-11,2091.0000,2094.0000,2068.8600,2088.7500,1024029
2021-02-10,2083.1400,2098.8800,2052.2400,2086.4800,1252689
2021-02-09,2074.8000,2098.5100,2070.0000,2075.3900,1093053
2021-02-08,2100.0000,2115.0000,2063.3500,2084.5200,1441443
2021-02-05,2059.5600,2095.9400,2050.0000,2088.8300,1493256
2021-02-04,2060.6156,2069.3000,2035.1000,2053.6300,2429780
2021-02-03,2065.6100,2106.6234,2013.5500,2058.8800,4894082
2021-02-02,1913.1300,1949.3700,1906.3700,1919.1200,3108776
2021-02-01,1844.5850,1915.5400,1844.5850,1893.0700,2012603
2021-01-29,1834.0200,1847.5350,1801.5601,1827.3600,2226509
2021-01-28,1831.0000,1887.9900,1831.0000,1853.2000,2763905
2021-01-27,1874.9100,1880.4700,1797.2800,1818.9400,4125631
2021-01-26,1885.9900,1915.7500,1876.1300,1907.9500,1573078
2021-01-25,1912.7400,1921.8200,1859.1600,1894.2800,2529346
2021-01-22,1891.4600,1904.3900,1876.4950,1892.5600,1637195
2021-01-21,1893.6500,1932.0800,1879.4100,1884.1500,2932973
2021-01-20,1826.3700,1899.7234,1819.5100,1880.0700,3207570
2021-01-19,1743.0000,1803.8400,1732.8300,1784.4700,2082951
2021-01-15,1729.0200,1747.6200,1711.7100,1727.6200,1572214
2021-01-14,1748.8700,1767.5499,1726.0700,1730.9200,1460617
2021-01-13,1727.3200,1756.3900,1727.3200,1747.2500,1171590
2021-01-12,1745.3600,1767.9000,1716.3750,1737.4300,1460563
2021-01-11,1777.0200,1784.3800,1752.1400,1756.2900,1740618
2021-01-08,1777.1600,1799.3550,1761.2200,1797.8300,1774226
2021-01-07,1726.7600,1777.8200,1726.7600,1774.3400,2096829
2021-01-06,1700.2550,1743.9650,1696.1014,1722.8800,2329401
2021-01-05,1725.0900,1746.8300,1716.9000,1740.0500,1017962
2021-01-04,1760.0000,1762.4899,1707.1400,1726.1300,1866195
2020-12-31,1737.2700,1757.5000,1736.0900,1752.6400,1053479
2020-12-30,1765.0000,1767.7600,1728.0000,1736.2500,1051308
2020-12-29,1787.2300,1788.4700,1755.1100,1757.7600,986287
2020-12-28,1744.9100,1787.0000,1741.8200,1773.9600,1379642
2020-12-24,1729.0000,1742.4100,1724.3500,1734.1600,465638
2020-12-23,1723.9300,1744.1100,1721.2000,1728.2300,1148684
2020-12-22,1729.3300,1732.6123,1705.7800,1720.2200,1018829
2020-12-21,1709.1300,1737.0000,1694.0000,1734.5600,1698707
2020-12-18,1746.1702,1748.3600,1715.0000,1726.2200,4262837
2020-12-17,1763.9300,1766.7100,1731.1500,1740.5100,1744005
2020-12-16,1769.1100,1769.1100,1749.0600,1757.1900,1233836
2020-12-15,1759.8600,1764.0000,1741.6700,1761.0800,1068292
2020-12-14,1770.7200,1789.8000,1749.1300,1752.2600,1652471
2020-12-11,1760.0000,1777.3100,1752.7400,1774.8000,931431
2020-12-10,1762.6000,1774.9900,1733.5270,1767.6500,1434416
2020-12-09,1810.3600,1828.3700,1762.0001,1777.8600,1586426
2020-12-08,1808.5200,1815.9700,1791.2800,1811.3300,996768
2020-12-07,1815.5500,1829.2900,1803.0400,1817.0300,1114391
2020-12-04,1820.2200,1829.4994,1813.5900,1823.7600,1027242
2020-12-03,1820.5400,1843.8300,1817.0000,1821.8400,1236366
2020-12-02,1795.3600,1832.7400,1785.1695,1824.9700,1471235
2020-12-01,1766.6550,1821.7199,1763.0300,1795.3600,1861965
2020-11-30,1775.6500,1780.3350,1747.8400,1754.4000,1620887
2020-11-27,1764.5400,1797.0100,1764.5400,1787.0200,739507
2020-11-25,1767.8100,1770.3800,1748.3600,1764.1300,979957
2020-11-24,1727.5000,1766.4750,1720.7300,1763.9000,1360436
2020-11-23,1740.2200,1745.9900,1710.1800,1727.5600,1127618
2020-11-20,1762.0000,1768.3625,1735.0000,1736.3800,1385322
2020-11-19,1733.2300,1763.4900,1730.0200,1758.5700,1005340
2020-11-18,1756.6400,1765.0000,1738.5658,1740.6400,1005377
2020-11-17,1767.8600,1777.1400,1759.4900,1761.6600,1066034
2020-11-16,1764.1400,1794.3400,1761.3300,1774.0300,1273393
2020-11-13,1748.0000,1777.1300,1735.9800,1772.2600,1487877
2020-11-12,1742.0000,1764.9800,1737.9700,1742.8200,1324363
2020-11-11,1748.4000,1762.9000,1743.0600,1747.2300,1591906
2020-11-10,1729.7700,1759.3800,1716.1200,1737.7200,2151058
2020-11-09,1795.9800,1816.8900,1757.5450,1761.4200,2672024
2020-11-06,1751.3400,1768.4950,1736.6800,1759.7300,1431084
2020-11-05,1770.4500,1791.8180,1741.0300,1762.5000,1987907
2020-11-04,1705.5803,1770.0300,1703.0000,1745.8500,3567149
2020-11-03,1630.7600,1659.0000,1612.1080,1645.6600,1571641
2020-11-02,1623.5400,1658.2400,1614.2400,1624.3200,2211449
2020-10-30,1667.4400,1681.3150,1601.5700,1616.1100,4996197
2020-10-29,1517.0200,1588.7350,1516.5500,1556.8800,2770343
2020-10-28,1550.0100,1553.8100,1508.4800,1510.8000,2258675
2020-10-27,1588.9319,1602.0000,1576.9900,1598.8800,1295138
2020-10-26,1615.0000,1629.5800,1567.7800,1584.2900,1791317
2020-10-23,1615.0500,1634.1200,1611.9100,1632.9800,1527402
2020-10-22,1585.0000,1613.4200,1577.4800,1606.6600,1525773
2020-10-21,1569.8500,1615.1400,1567.1350,1585.9900,3016053
2020-10-20,1523.1100,1573.8400,1520.5000,1551.0800,2085915
2020-10-19,1575.9300,1583.9250,1522.9200,1529.9500,1486652
2020-10-16,1561.8300,1577.7100,1557.6600,1567.7000,1710325
2020-10-15,1544.5000,1571.3950,1541.1301,1555.4700,1561485
2020-10-14,1574.6000,1583.8500,1545.8950,1563.4400,1659228
2020-10-13,1577.0100,1585.1600,1558.6300,1567.0700,1953609
2020-10-12,1538.0000,1588.4200,1529.3000,1564.5900,2767164
2020-10-09,1492.8600,1511.8500,1487.0000,1510.4500,1648340
2020-10-08,1465.4500,1488.0275,1465.4500,1483.4300,1303802
2020-10-07,1459.3100,1468.9700,1433.2300,1459.1400,1805448
2020-10-06,1475.5000,1484.5200,1445.0100,1451.0200,1304752
2020-10-05,1462.6500,1484.7000,1460.0900,1482.8300,1080058
2020-10-02,1459.6300,1479.0300,1447.3500,1455.6000,1561132
2020-10-01,1483.6608,1495.0700,1476.8000,1487.9000,1644221
2020-09-30,1460.9350,1486.1975,1455.7550,1465.6000,2046170
2020-09-29,1463.9100,1472.0000,1454.0000,1466.0200,1591112
2020-09-28,1471.9900,1472.9900,1446.2800,1458.6600,1539236
2020-09-25,1425.0500,1445.9400,1407.6800,1439.0600,1516677
2020-09-24,1402.6800,1437.9900,1402.1500,1422.8600,1727611
2020-09-23,1452.0900,1453.0800,1402.6800,1409.3900,1886299
2020-09-22,1450.3200,1463.9700,1429.4950,1459.8200,1697542
2020-09-21,1431.6200,1440.0600,1402.6800,1430.1400,2845405
2020-09-18,1488.3000,1495.2000,1431.6200,1451.0900,3152788
2020-09-17,1485.8100,1498.6600,1462.4600,1487.0400,2000356
2020-09-16,1542.4800,1554.3700,1511.5900,1512.0900,1107169
2020-09-15,1527.8900,1550.9900,1522.1000,1535.1200,1152055
2020-09-14,1531.6471,1557.0000,1505.1100,1508.8300,2133007
2020-09-11,1528.1500,1538.6950,1493.0200,1515.7600,1535337
2020-09-10,1550.1800,1573.6600,1520.0000,1526.0500,1651194
2020-09-09,1548.9000,1558.7200,1525.1700,1547.2300,1962078
2020-09-08,1525.0000,1555.5500,1516.5000,1523.6000,2701586
2020-09-04,1609.0000,1634.9900,1537.9701,1581.2100,2792533
2020-09-03,1699.5200,1700.0000,1607.7100,1629.5100,3186287
2020-09-02,1668.0100,1726.1022,1660.1900,1717.3900,2476072
2020-09-01,1632.1600,1659.2200,1629.5300,1655.0800,1133766
2020-08-31,1643.5700,1644.5000,1625.3300,1629.5300,1321097
2020-08-28,1629.4700,1641.3500,1625.6050,1639.4300,1121195
2020-08-27,1646.6100,1647.9900,1618.8137,1628.5200,1567503
2020-08-26,1606.3000,1652.7900,1600.9754,1644.1300,2609363
2020-08-25,1580.1000,1608.8800,1577.8800,1605.8500,1257463
2020-08-24,1592.4700,1608.7800,1575.0400,1585.1500,1281893
2020-08-21,1571.8000,1591.8800,1562.3100,1575.5700,1742275
2020-08-20,1539.9700,1580.1700,1534.4600,1576.2500,1319131
2020-08-19,1552.4900,1568.8600,1540.0000,1544.6100,1523592
2020-08-18,1526.1200,1557.3700,1521.6650,1555.7800,1418850
2020-08-17,1515.9700,1523.7800,1505.0000,1516.2400,998010
2020-08-14,1513.6100,1519.7850,1499.0000,1504.6300,1097059
2020-08-13,1508.2100,1536.9744,1508.2100,1516.6500,1119711
2020-08-12,1487.1245,1511.6700,1485.0000,1507.2400,1126560
2020-08-11,1494.0000,1510.4400,1478.1900,1480.5400,1554853
2020-08-10,1490.8000,1507.1500,1477.4901,1496.8200,1027329
2020-08-07,1509.0400,1520.0900,1486.2700,1498.3700,1386294
2020-08-06,1476.1500,1506.2700,1471.9000,1504.9500,1665261
2020-08-05,1476.8200,1490.0000,1471.2150,1479.0900,1457518
2020-08-04,1486.7100,1493.1100,1464.0300,1473.3000,1860609
2020-08-03,1491.0000,1497.7300,1471.7200,1482.7600,2276085
2020-07-31,1497.0500,1505.0200,1454.0000,1487.9500,4576382
2020-07-30,1497.9700,1540.8900,1495.1700,1538.3700,1802121
2020-07-29,1505.0000,1533.3300,1503.0100,1523.5100,1133773
2020-07-28,1525.0000,1526.0100,1500.5200,1503.6500,1545534
2020-07-27,1513.2600,1537.5600,1512.3300,1529.4300,1356185
2020-07-24,1499.1900,1515.4273,1487.5900,1508.2100,1495381
2020-07-23,1565.9300,1570.3500,1508.5900,1516.7500,1695498
2020-07-22,1555.7100,1566.9800,1543.2300,1564.8500,1224100
2020-07-21,1585.0300,1587.0500,1552.6200,1555.9200,1328089
2020-07-20,1515.0000,1569.0100,1502.7000,1563.8400,1490634
2020-07-17,1516.9100,1523.4300,1498.1000,1516.8500,1713251
2020-07-16,1501.5000,1515.9100,1488.2700,1514.9200,1324228
2020-07-15,1523.2300,1536.3300,1497.8300,1516.8800,1551326
2020-07-14,1492.7900,1522.8000,1485.9300,1520.8600,1905405
2020-07-13,1549.9400,1576.3600,1506.5600,1512.2300,2147729
2020-07-10,1513.2500,1541.3400,1500.7200,1539.0100,1796063
2020-07-09,1509.9300,1529.1400,1495.5900,1518.6600,2092013
2020-07-08,1500.8000,1511.1700,1492.3000,1503.6000,1588304
2020-07-07,1496.1300,1521.3200,1489.7000,1489.9200,2118194
2020-07-06,1488.1500,1510.0000,1476.9800,1499.6500,2235630
2020-07-02,1451.8400,1488.5200,1451.0700,1469.9300,2861202
2020-07-01,1419.1700,1448.4800,1414.1800,1442.0000,2109566
2020-06-30,1396.8800,1424.0000,1386.9300,1418.0500,2014320
2020-06-29,1360.3400,1398.0000,1351.6500,1397.1700,2253678
2020-06-26,1432.6300,1437.0200,1355.0000,1362.5400,4882014
2020-06-25,1431.2200,1442.3200,1419.5400,1441.1000,1197907
2020-06-24,1463.2800,1475.7900,1430.0000,1432.7000,1579579
2020-06-23,1452.0000,1475.2000,1445.0000,1463.9800,1887583
2020-06-22,1425.0100,1450.9500,1419.1900,1450.6600,1472072
2020-06-19,1440.0000,1444.5000,1419.0000,1424.6400,2639167
2020-06-18,1449.8500,1452.9700,1426.2400,1434.1200,1743071
2020-06-17,1452.9400,1462.2000,1435.1300,1452.5400,1530500
2020-06-16,1449.0000,1457.1700,1428.9900,1446.4700,1534826
2020-06-15,1389.4900,1425.0000,1387.2000,1420.7400,1527652
2020-06-12,1425.8600,1434.5100,1385.8000,1412.9200,1833756
2020-06-11,1441.0300,1451.6000,1398.4100,1401.9000,2357243
2020-06-10,1461.5100,1472.7700,1454.3600,1464.7000,1588116
2020-06-09,1445.2400,1467.8000,1442.3600,1452.0800,1681155
2020-06-08,1426.2800,1449.0000,1424.4800,1448.0400,1693881
2020-06-05,1415.6400,1446.3000,1407.6200,1440.0200,2132350
2020-06-04,1436.7800,1441.3200,1406.0100,1414.3000,1349105
2020-06-03,1442.7000,1449.0100,1431.6200,1439.2500,1386640
2020-06-02,1435.0000,1443.0000,1421.6100,1442.3100,1172069
2020-06-01,1425.7000,1441.5800,1422.2800,1434.8700,1259254
2020-05-29,1420.4300,1436.7300,1415.9800,1433.5200,1852522
2020-05-28,1400.0000,1444.4600,1399.0800,1418.2400,1759787
2020-05-27,1420.0000,1425.3500,1394.6000,1420.2800,1584185
2020-05-26,1441.9600,1445.1100,1419.4000,1421.3700,2229488
2020-05-22,1403.9000,1417.0000,1395.9500,1413.2400,1427206
2020-05-21,1410.9900,1416.4600,1394.3900,1406.7500,1537428
2020-05-20,1389.1600,1412.0300,1387.4200,1409.1600,1913133
2020-05-19,1385.4800,1392.4900,1373.7600,1374.4000,1579250
2020-05-18,1361.5800,1392.7600,1354.2000,1385.1800,2356449
2020-05-15,1348.2600,1374.5800,1339.0000,1373.0600,2077199
2020-05-14,1333.5200,1357.3700,1323.3000,1356.8600,1833017
2020-05-13,1376.1600,1385.3300,1328.0100,1348.3300,2018404
2020-05-12,1408.2200,1414.3300,1374.5100,1375.1800,1695874
2020-05-11,1376.7900,1415.5300,1375.5000,1403.5900,1635856
2020-05-08,1381.8200,1396.6400,1372.0100,1384.3400,1666487
2020-05-07,1361.3100,1376.0000,1352.5400,1369.2800,1535819
2020-05-06,1358.0000,1368.6900,1345.1300,1345.4300,1586629
2020-05-05,1337.5000,1371.0100,1335.0300,1349.0200,1983318
2020-05-04,1308.1300,1324.4700,1296.0100,1322.9000,1540347
2020-05-01,1324.0900,1351.4300,1309.6600,1317.3200,2443554
2020-04-30,1331.3600,1350.0000,1321.5000,1346.7000,2792124
2020-04-29,1345.0000,1360.1500,1326.7300,1342.1800,5417888
2020-04-28,1283.2000,1284.7600,1230.3800,1232.5900,4035007
2020-04-27,1292.0000,1294.1000,1265.0600,1270.8600,2209333
2020-04-24,1255.0000,1277.7100,1244.0000,1276.6000,1872004
2020-04-23,1265.7400,1288.1500,1260.5300,1271.1700,1710122
2020-04-22,1241.1100,1279.8800,1237.2000,1258.4100,2315792
2020-04-21,1242.7100,1250.0000,1205.0000,1212.1600,2482404
2020-04-20,1269.8900,1276.8200,1256.4400,1261.1500,1764608
2020-04-17,1281.7000,1290.0000,1266.0000,1279.0000,2552824
2020-04-16,1267.1400,1273.3600,1238.2000,1257.4300,2894757
2020-04-15,1246.5100,1275.1100,1234.0000,1257.3000,2111842
2020-04-14,1239.9700,1275.7500,1228.5400,1265.2300,3167862
2020-04-13,1201.5000,1214.5200,1182.3300,1210.4100,1935128
2020-04-09,1218.1800,1221.9900,1192.4200,1206.5700,2701423
2020-04-08,1203.1000,1214.9000,1183.9500,1207.0000,2016713
2020-04-07,1217.0100,1220.7800,1177.2500,1182.5600,3080955
2020-04-06,1133.0000,1190.7500,1125.0000,1183.1900,3165991
2020-04-03,1114.7100,1118.7900,1075.0800,1092.7000,2568694
2020-04-02,1100.0000,1122.7700,1093.1300,1117.0300,2820534
2020-04-01,1124.0000,1129.4200,1093.4900,1102.1000,2598519
2020-03-31,1148.7300,1173.4000,1136.7200,1161.9500,3263971
2020-03-30,1132.6400,1151.0000,1098.4900,1146.3100,2936827
2020-03-27,1127.4700,1151.0500,1104.0000,1110.2600,3139661
2020-03-26,1114.7200,1171.4800,1092.0300,1162.9200,3834422
2020-03-25,1124.5800,1146.1700,1083.0100,1101.6200,4516162
2020-03-24,1103.9800,1133.3300,1086.4300,1130.0100,3623435
2020-03-23,1056.3700,1066.9100,1008.8700,1054.1300,4183629
2020-03-20,1130.9000,1138.4800,1062.1000,1068.2100,4143897
2020-03-19,1088.2200,1152.6100,1055.5500,1111.6700,3703248
2020-03-18,1059.9400,1104.9900,1037.0000,1091.1900,4636840
2020-03-17,1090.6400,1126.0000,1049.1000,1118.0600,4159686
2020-03-16,1089.6100,1145.4700,1067.0800,1073.0000,4825981
2020-03-13,1174.9900,1214.4000,1112.2900,1214.2700,3969973
2020-03-12,1122.6200,1188.7500,1108.4700,1111.5500,4716293
2020-03-11,1248.2700,1256.9300,1191.1400,1210.9000,2741694
2020-03-10,1254.3900,1275.8500,1214.5100,1275.1700,2743566
2020-03-09,1204.9600,1252.7300,1198.0400,1215.7900,3462578
2020-03-06,1269.9500,1302.7500,1257.2100,1295.7400,3232315
2020-03-05,1345.5500,1353.6300,1301.6400,1314.7600,2718982
2020-03-04,1358.9600,1382.7800,1337.0000,1381.6000,2379856
2020-03-03,1397.6800,1408.1900,1329.2400,1337.7200,2830112
2020-03-02,1351.3900,1387.4700,1325.2000,1386.3200,2771463
2020-02-28,1274.3100,1342.4500,1268.2100,1339.2500,4010900
2020-02-27,1359.1400,1369.4000,1314.2400,1314.9500,3114476
2020-02-26,1394.9800,1413.6700,1376.5500,1390.4700,2490178
2020-02-25,1431.0000,1436.8500,1380.4200,1386.3200,2578966
2020-02-24,1423.0500,1436.3800,1406.7900,1419.8600,2478039
2020-02-21,1504.5800,1510.9500,1478.4900,1483.4600,2126843
2020-02-20,1519.0100,1527.0700,1504.2600,1516.9900,1298386
2020-02-19,1527.2000,1530.7400,1520.9800,1524.8700,1137338
2020-02-18,1514.3400,1530.5600,1511.0100,1519.4400,1284011
2020-02-14,1514.5300,1520.0500,1505.5500,1518.7300,1159857
2020-02-13,1510.0000,1525.9500,1504.0000,1513.3900,1145658
2020-02-12,1515.8600,1520.3000,1508.6700,1518.6300,1552136
2020-02-11,1513.2700,1529.8800,1505.4500,1510.0600,1742647
2020-02-10,1477.2300,1508.8800,1475.2000,1508.6600,1915072
2020-02-07,1467.3900,1485.2500,1465.4100,1479.1100,1418049
2020-02-06,1451.9800,1481.5600,1450.4800,1475.9700,1891079
2020-02-05,1463.6100,1464.5800,1429.6800,1446.0500,1818793
2020-02-04,1454.4900,1467.3400,1422.0300,1445.4100,4793967
2020-02-03,1461.6500,1486.3000,1456.6100,1482.6000,3608760
2020-01-31,1467.8600,1469.6700,1427.0600,1432.7800,2191075
2020-01-30,1438.1000,1455.2500,1435.0000,1454.2500,1355472
2020-01-29,1458.4600,1464.1400,1445.3900,1456.7000,1081964
2020-01-28,1441.7400,1454.8000,1430.3600,1450.5000,1486586
2020-01-27,1431.5400,1436.5800,1419.5000,1431.7300,1706566
2020-01-24,1492.8200,1494.2000,1463.1800,1466.1700,1489280
2020-01-23,1487.5500,1493.5000,1480.3200,1484.6900,1332562
2020-01-22,1489.7300,1500.5800,1482.6600,1483.8700,1422946
2020-01-21,1479.0000,1489.8800,1470.2100,1482.2500,2387178
2020-01-17,1462.5400,1480.5500,1456.5500,1479.5200,2621175
2020-01-16,1445.4500,1450.7000,1440.0000,1450.1600,1304040
2020-01-15,1433.0200,1440.7800,1431.6600,1439.2000,1077519
2020-01-14,1440.0000,1442.6300,1427.7700,1430.5900,1305636
2020-01-13,1435.2500,1441.4800,1425.3700,1440.0300,1525568
2020-01-10,1429.4700,1434.9400,1419.6000,1428.9600,1313178
2020-01-09,1421.9300,1428.6800,1410.2100,1419.7900,1661438
2020-01-08,1394.8200,1411.8500,1392.6300,1405.0400,1766274
2020-01-07,1400.4600,1403.5000,1391.5600,1395.1100,1726456
2020-01-06,1351.6300,1398.3200,1351.0000,1397.8100,2339343
2020-01-03,1348.0000,1373.7500,1347.3200,1361.5200,1170629
2020-01-02,1348.4100,1368.6800,1346.4900,1368.6800,1364265
2019-12-31,1335.7900,1340.6600,1332.1300,1339.3900,976061
2019-12-30,1356.8100,1357.0000,1337.8400,1339.7100,1000592
2019-12-27,1364.0000,1367.0500,1353.0000,1354.6400,1160873
2019-12-26,1346.5500,1363.2000,1345.5100,1362.4700,1183800
2019-12-24,1350.2100,1352.0100,1344.1700,1344.4300,673410
2019-12-23,1358.7300,1361.8500,1348.0000,1350.6300,996967
2019-12-20,1363.1000,1364.0000,1350.7300,1351.2200,2513849
2019-12-19,1351.9100,1357.5300,1348.7500,1356.4400,1521082
2019-12-18,1357.0000,1359.4300,1350.4600,1351.9100,1166733
2019-12-17,1362.4100,1364.3300,1350.7700,1354.8900,1648549
2019-12-16,1355.0000,1363.5300,1350.6100,1360.7000,1406457
2019-12-13,1347.9000,1351.3500,1341.6600,1346.8700,1658684
2019-12-12,1343.2100,1354.5800,1338.2000,1348.4900,1456466
2019-12-11,1348.3000,1349.8900,1341.1000,1344.2500,1024308
2019-12-10,1339.9400,1348.0000,1334.0000,1342.8900,880430
2019-12-09,1338.8600,1357.5500,1336.0700,1342.9900,1556889
2019-12-06,1332.7500,1342.4700,1331.2300,1339.3900,1648729
2019-12-05,1327.0000,1327.9800,1314.3200,1326.9600,1220631
2019-12-04,1306.1000,1324.2700,1303.0500,1318.9400,1776392
2019-12-03,1278.6600,1297.2300,1277.0500,1294.7400,1480026
2019-12-02,1302.5600,1305.4400,1280.3800,1288.8600,1328889
2019-11-29,1306.6000,1309.9500,1303.2300,1304.0900,640069
2019-11-27,1315.4200,1317.6400,1309.4700,1312.1300,940536
2019-11-26,1309.9100,1314.0100,1304.0400,1313.0000,1097089
2019-11-25,1296.2600,1310.4100,1295.6100,1305.6400,1179658
2019-11-22,1303.0000,1306.9000,1289.3600,1293.6700,1388912
2019-11-21,1299.2500,1311.1200,1290.7500,1300.1400,1277338
2019-11-20,1311.3600,1313.2100,1289.2100,1301.8600,1445870
2019-11-19,1326.6300,1326.6300,1311.7700,1312.5900,1093629
2019-11-18,1332.3400,1333.9200,1316.1600,1319.8400,1399374
2019-11-15,1315.0500,1333.5400,1311.8900,1333.5400,1964955
2019-11-14,1295.0000,1315.7200,1293.9400,1309.1500,1450039
2019-11-13,1293.1800,1302.5200,1292.1500,1296.1800,936085
2019-11-12,1298.5700,1309.3500,1294.2400,1297.2100,1444342
2019-11-11,1304.0000,1304.9000,1295.8700,1298.2800,861860
2019-11-08,1301.5200,1317.1100,1301.5200,1309.0000,1521892
2019-11-07,1294.2800,1322.6500,1293.7500,1306.9400,2257005
2019-11-06,1290.0900,1292.9900,1282.2700,1291.0100,1231265
2019-11-05,1291.2000,1297.2400,1289.3800,1291.4400,1257427
2019-11-04,1276.1100,1292.5000,1276.1100,1289.6100,1531622
2019-11-01,1265.8000,1273.0000,1259.7100,1272.2500,1440607
2019-10-31,1260.0000,1266.5200,1249.4800,1258.8000,1595154
2019-10-30,1255.1500,1268.0200,1250.6500,1260.7000,1460193
2019-10-29,1276.0000,1280.8000,1255.6100,1260.6600,2632715
2019-10-28,1275.0000,1299.2400,1272.3100,1288.9800,3010505
2019-10-25,1252.0000,1268.0000,1249.1500,1264.3000,1355248
2019-10-24,1259.1100,1262.9000,1252.3500,1259.1100,1140478
2019-10-23,1240.2100,1258.0400,1240.2100,1257.6300,1176281
2019-10-22,1244.4800,1248.7300,1239.8500,1241.2000,1281821
2019-10-21,1248.7000,1253.5100,1239.9900,1244.2800,904715
2019-10-18,1254.6900,1258.1100,1240.1400,1244.4100,1453691
2019-10-17,1251.4000,1263.7500,1249.8700,1252.8000,1063981
2019-10-16,1241.8100,1254.1900,1238.5300,1243.0000,1151028
2019-10-15,1221.5000,1247.1300,1220.9200,1242.2400,1527216
2019-10-14,1213.8900,1225.8800,1211.8800,1217.7700,683926
2019-10-11,1224.0300,1228.7500,1213.6400,1215.7100,1126452
2019-10-10,1198.6000,1215.6200,1197.8600,1209.4700,668244
2019-10-09,1201.3300,1208.4600,1198.1200,1202.4000,813216
2019-10-08,1198.7700,1206.8700,1189.4800,1190.1300,1032426
2019-10-07,1207.0000,1218.9100,1204.3600,1208.2500,879020
2019-10-04,1194.2900,1212.4600,1190.9700,1210.9600,1228686
2019-10-03,1183.3400,1191.0000,1163.1400,1189.4300,1469413
2019-10-02,1196.5000,1198.7600,1172.6300,1177.9200,1674774
2019-10-01,1222.4900,1232.8600,1205.5500,1206.0000,1282735
2019-09-30,1220.6000,1227.4100,1213.4200,1221.1400,1294609
2019-09-27,1242.8300,1244.9900,1215.2000,1225.9500,1722481
2019-09-26,1242.1400,1244.6700,1231.8200,1242.2900,1171577
2019-09-25,1216.0100,1248.0200,1209.2000,1245.9400,1355162
2019-09-24,1240.0000,1247.1100,1210.6400,1218.3300,1835712
2019-09-23,1226.5700,1239.6800,1223.7800,1234.6900,1197069
2019-09-20,1233.6400,1242.8000,1223.5800,1229.8400,1937743
2019-09-19,1232.3200,1244.3400,1232.3100,1238.7500,847002
2019-09-18,1230.2400,1236.2400,1216.4700,1232.6500,892788
2019-09-17,1231.6300,1235.0000,1223.3500,1229.8800,1047201
2019-09-16,1230.4400,1239.0200,1225.1900,1231.6300,1410880
2019-09-13,1232.1100,1241.0500,1227.0800,1240.0300,1183762
2019-09-12,1223.4700,1242.4200,1222.5600,1234.9700,1582230
2019-09-11,1203.8900,1222.4700,1202.2800,1220.0000,1176066
2019-09-10,1196.0900,1210.0000,1196.0100,1205.7000,1396077
2019-09-09,1207.0800,1220.5500,1193.1700,1205.2700,1592958
2019-09-06,1209.1400,1212.9500,1203.2600,1206.3200,948580
2019-09-05,1193.6600,1214.0000,1192.6900,1212.1900,1320656
2019-09-04,1179.4500,1184.8800,1171.5300,1182.2700,1065666
2019-09-03,1181.8500,1189.0800,1163.7100,1169.5500,1296116
2019-08-30,1200.3500,1200.3500,1185.7200,1190.5300,903375
2019-08-29,1186.4200,1199.1900,1185.2800,1194.2400,982098
2019-08-28,1164.8700,1178.5000,1160.2500,1173.7500,833830
2019-08-27,1183.0000,1185.0000,1164.5600,1170.8200,1173489
2019-08-26,1159.4500,1171.8600,1154.8500,1171.1800,1058926
2019-08-23,1185.1700,1195.6700,1150.0000,1153.5800,1813141
2019-08-22,1193.8000,1198.7800,1178.9100,1191.5200,867915
2019-08-21,1195.8200,1200.5600,1187.9200,1191.5800,708272
2019-08-20,1195.3500,1198.0000,1183.0500,1183.5300,1010566
2019-08-19,1191.8300,1209.3900,1190.4000,1200.4400,1222854
2019-08-16,1180.7900,1183.8400,1173.0000,1179.2100,1265187
2019-08-15,1168.4300,1176.4200,1163.0000,1169.3200,1430715
2019-08-14,1176.0700,1182.7900,1161.0700,1164.2500,1771501
2019-08-13,1174.3500,1205.4300,1172.9900,1196.7300,1430240
2019-08-12,1180.0000,1185.6100,1168.7200,1174.5000,1103243
2019-08-09,1199.9900,1204.4600,1184.8900,1188.9000,1020945
2019-08-08,1186.4300,1206.2800,1174.0000,1206.1900,1505848
2019-08-07,1157.8000,1179.8700,1150.8400,1175.9100,1534347
2019-08-06,1165.5200,1181.4000,1161.5300,1171.0800,1800707
2019-08-05,1172.9700,1176.8800,1142.7500,1154.7500,2391972
2019-08-02,1203.0000,1209.5000,1190.0000,1196.3200,1745450
2019-08-01,1217.6300,1236.3000,1207.0000,1211.7800,1771271
2019-07-31,1224.8700,1234.9100,1208.1800,1218.2000,1997999
2019-07-30,1227.0000,1236.9100,1225.3200,1228.0000,1430775
2019-07-29,1242.5000,1248.9900,1230.2000,1241.8400,2069127
2019-07-26,1228.0000,1268.3900,1228.0000,1245.2200,6060795
2019-07-25,1138.9500,1143.5900,1123.7100,1135.9400,2738139
2019-07-24,1132.6200,1145.4600,1128.5100,1139.7300,1359956
2019-07-23,1143.4500,1148.8600,1132.8500,1148.0500,1032438
2019-07-22,1135.4700,1140.0200,1125.2100,1139.2100,1446757
2019-07-19,1149.3200,1151.5800,1131.2500,1131.5500,1159153
2019-07-18,1142.0000,1148.1700,1132.8600,1147.2400,1273769
2019-07-17,1150.9200,1158.4400,1146.6200,1146.7400,976894
2019-07-16,1146.7300,1158.5800,1146.7300,1153.4600,1267641
2019-07-15,1145.3400,1150.6800,1140.0000,1150.5100,1058431
2019-07-12,1142.9300,1147.5000,1138.5600,1145.3400,1093933
2019-07-11,1146.1600,1153.2400,1139.5300,1144.0800,1300529
2019-07-10,1132.3200,1142.3400,1130.6600,1140.9100,1535546
2019-07-09,1110.3200,1127.8600,1107.1500,1124.2900,1473622
2019-07-08,1125.8700,1127.2100,1111.7600,1116.7900,1494371
2019-07-05,1119.3700,1134.6500,1117.5000,1132.6700,1489678
2019-07-03,1118.5000,1127.9900,1114.8500,1122.9900,1007718
2019-07-02,1104.8300,1112.8900,1099.6700,1112.6000,1031919
2019-07-01,1101.0400,1108.5900,1095.3300,1100.0000,1464449
2019-06-28,1077.2300,1082.8000,1073.8000,1082.8000,1683568
2019-06-27,1086.7500,1088.4600,1075.8500,1076.6300,1203914
2019-06-26,1091.0000,1095.1200,1073.6900,1080.3200,1734873
2019-06-25,1115.0800,1115.7000,1084.6000,1087.5800,1582217
2019-06-24,1120.0000,1123.5700,1113.3100,1116.7000,1211893
2019-06-21,1109.8600,1126.5700,1109.7200,1125.3700,2538872
2019-06-20,1121.7000,1122.7200,1107.0000,1113.2000,1200908
2019-06-19,1107.2400,1109.4300,1096.0300,1104.5100,1336015
2019-06-18,1111.5000,1118.7800,1100.7900,1105.2400,1726312
2019-06-17,1089.1000,1101.2800,1088.0000,1093.8900,988491
2019-06-14,1089.7400,1094.7600,1081.4800,1086.3000,1229304
2019-06-13,1084.7100,1096.5900,1082.5700,1091.0100,1040661
2019-06-12,1079.9500,1082.5200,1069.6000,1079.1000,1183650
2019-06-11,1096.9900,1104.0100,1079.5700,1081.0400,1675817
2019-06-10,1077.0000,1094.8400,1075.2800,1082.7600,1425464
2019-06-07,1054.2800,1073.4300,1051.1500,1068.3700,2191357
2019-06-06,1046.2100,1050.0000,1035.5100,1047.7600,1451026
2019-06-05,1055.0000,1056.8100,1033.0000,1044.6400,2349436
2019-06-04,1044.4900,1058.4400,1036.0300,1054.4900,3025564
2019-06-03,1066.9300,1067.0000,1027.0300,1038.7400,4844480
2019-05-31,1105.6400,1113.4000,1103.3500,1106.5000,1579481
2019-05-30,1120.1500,1126.8000,1115.9000,1121.4100,904419
2019-05-29,1132.7000,1135.0000,1111.9500,1119.9400,1811510
2019-05-28,1141.4800,1156.4900,1138.6700,1139.5600,1047554
2019-05-24,1152.0000,1154.3600,1136.7100,1138.6100,927651
2019-05-23,1146.0700,1150.0500,1133.1600,1145.3400,1260657
2019-05-22,1151.2500,1163.7800,1151.0000,1155.8500,941279
2019-05-21,1154.4800,1158.0000,1143.3100,1154.4400,1028248
2019-05-20,1153.0000,1153.0000,1138.1400,1144.6600,1530126
2019-05-17,1175.8300,1186.2900,1166.4200,1168.7800,1268050
2019-05-16,1171.8400,1194.1600,1168.4500,1184.5000,1765388
2019-05-15,1122.5500,1178.3000,1121.4000,1170.8000,2965117
2019-05-14,1142.3200,1144.8700,1123.5300,1124.8600,2019550
2019-05-13,1145.2400,1151.9700,1125.5000,1136.5900,2281686
2019-05-10,1168.8400,1176.2800,1146.3700,1167.6400,1582460
2019-05-09,1162.6000,1174.0700,1154.6400,1167.9700,1477752
2019-05-08,1177.2900,1184.2700,1167.6300,1170.7800,1276022
2019-05-07,1185.8100,1194.7700,1165.0000,1178.8600,1830238
2019-05-06,1172.0000,1195.4300,1171.1600,1193.4600,1588684
2019-05-03,1177.4100,1191.4000,1173.5500,1189.5500,2079376
2019-05-02,1172.6000,1179.3800,1158.3300,1166.5100,2254890
2019-05-01,1197.5000,1199.2500,1171.6800,1173.3200,3717018
2019-04-30,1190.6300,1200.9800,1183.0000,1198.9600,6658855
2019-04-29,1280.5100,1296.9700,1271.7100,1296.2000,3618362
2019-04-26,1273.3800,1278.9100,1265.0000,1277.4200,1361419
2019-04-25,1270.3000,1272.8000,1258.0000,1267.3400,1567161
2019-04-24,1270.5900,1274.0000,1259.8100,1260.0500,1169797
2019-04-23,1256.6400,1274.4300,1251.9700,1270.5900,1593449
2019-04-22,1236.6700,1254.3400,1233.3700,1253.7600,954419
2019-04-18,1245.0000,1245.9400,1239.4100,1241.4700,1237788
2019-04-17,1237.0000,1245.1000,1232.9000,1240.1400,1518286
2019-04-16,1230.0000,1235.9800,1225.0400,1231.9100,1131099
2019-04-15,1224.0900,1229.3000,1214.5600,1226.5300,1189974
2019-04-12,1215.6200,1223.0500,1213.2900,1222.7300,1215610
2019-04-11,1208.9000,1212.7400,1204.5400,1209.5900,849947
2019-04-10,1205.0900,1208.9400,1200.6600,1206.4500,775456
2019-04-09,1201.8900,1207.1500,1198.3800,1202.6900,983840
2019-04-08,1211.1100,1213.9500,1204.7000,1208.2800,1087588
2019-04-05,1219.3000,1220.3900,1210.0300,1211.4500,1001044
2019-04-04,1211.2900,1220.5500,1209.0400,1219.4500,1051089
2019-04-03,1212.7000,1220.6000,1205.0800,1210.8100,1109614
2019-04-02,1200.0500,1205.8100,1191.2400,1205.5400,914413
2019-04-01,1187.5400,1200.2000,1186.3600,1198.9800,1385595
2019-03-29,1180.1800,1183.9700,1166.3800,1176.8900,1544615
2019-03-28,1175.5000,1177.2500,1163.4300,1172.2700,1120122
2019-03-27,1191.9200,1191.9200,1164.2300,1178.0100,1471402
2019-03-26,1205.1900,1207.6500,1181.7600,1189.8400,1537606
2019-03-25,1199.5600,1209.4400,1190.0000,1197.3800,1378849
2019-03-22,1228.8500,1233.6300,1206.0000,1207.6500,1721133
2019-03-21,1220.0000,1236.4400,1216.5800,1236.1300,1407480
2019-03-20,1201.4000,1229.9900,1199.5900,1226.4300,2075442
2019-03-19,1191.7200,1203.4100,1189.4600,1202.4600,1489407
2019-03-18,1189.6900,1194.9500,1181.4800,1188.5500,1222203
2019-03-15,1198.0000,1201.7200,1187.0100,1190.3000,2593338
2019-03-14,1199.0200,1204.7000,1191.2300,1192.5300,1365072
2019-03-13,1205.9300,1207.1200,1197.9100,1199.0600,1294354
2019-03-12,1182.3000,1205.7100,1182.3000,1197.2500,2110979
2019-03-11,1152.0000,1179.9100,1151.5700,1179.2600,1501633
2019-03-08,1133.9000,1153.4500,1130.2000,1149.9700,1184732
2019-03-07,1160.5000,1163.5800,1141.7100,1150.8500,1504328
2019-03-06,1171.7600,1174.7400,1163.0500,1164.9400,1180052
2019-03-05,1156.0000,1176.4900,1153.0200,1169.1900,2004723
2019-03-04,1154.5600,1165.5200,1138.2500,1153.4200,1774467
2019-03-01,1131.0000,1150.0000,1131.0000,1148.5200,1704258
2019-02-28,1119.0000,1133.9900,1118.4100,1126.5500,1371355
2019-02-27,1114.0100,1125.7300,1108.5600,1122.8900,1104881
2019-02-26,1114.3700,1126.4400,1106.7000,1122.0100,1751261
2019-02-25,1121.9300,1125.4000,1114.1100,1117.3300,1310362
2019-02-22,1109.7000,1117.2500,1100.5000,1116.5600,1471783
2019-02-21,1118.7800,1119.1500,1097.9800,1104.2100,1663980
2019-02-20,1128.8800,1130.9300,1111.7500,1120.5900,1204533
2019-02-19,1116.6400,1129.6400,1116.6400,1126.5100,1099259
2019-02-15,1139.3000,1139.3000,1116.7200,1119.6300,1391348
2019-02-14,1125.0000,1136.1300,1117.0900,1129.2000,1055297
2019-02-13,1133.0400,1142.8500,1126.0000,1128.6300,1402087
2019-02-12,1111.0100,1132.8600,1111.0100,1127.5800,1751771
2019-02-11,1103.7500,1113.4300,1100.0000,1102.1200,924881
2019-02-08,1094.8800,1105.1000,1094.2400,1102.3800,1088327
2019-02-07,1111.8200,1111.9900,1093.5900,1105.9100,1914877
2019-02-06,1149.2700,1154.0000,1118.3600,1122.8900,2412820
2019-02-05,1129.6300,1152.7700,1123.6000,1151.8700,4114790
2019-02-04,1119.0100,1142.3400,1117.5100,1141.4200,3920591
2019-02-01,1122.2900,1134.4000,1114.2500,1118.6200,1655813
2019-01-31,1112.2400,1127.6700,1105.2500,1125.8900,2011572
2019-01-30,1077.3600,1099.5200,1076.6400,1097.9900,1472647
2019-01-29,1081.0400,1084.7300,1066.0200,1070.0600,985248
2019-01-28,1090.0700,1093.3700,1074.6100,1079.8600,1466714
2019-01-25,1094.2300,1103.3600,1091.8000,1101.5100,1163788
2019-01-24,1082.5100,1088.0000,1070.0200,1084.0000,1455948
2019-01-23,1086.8600,1092.9500,1067.5700,1084.4100,1259738
2019-01-22,1096.0000,1098.9700,1070.8900,1078.6300,1981594
2019-01-18,1108.5900,1118.0000,1099.2800,1107.3000,2244569
2019-01-17,1087.9900,1100.7000,1083.2600,1099.1200,1244801
2019-01-16,1090.0000,1102.3600,1088.0100,1089.5100,1914041
2019-01-15,1058.0100,1088.2700,1054.4400,1086.5100,1875852
2019-01-14,1053.3400,1058.4500,1048.5500,1051.5100,1424486
2019-01-11,1069.9000,1073.3700,1056.4300,1064.4700,1543238
2019-01-10,1074.9400,1079.8100,1064.6800,1078.8300,1329861
2019-01-09,1087.9900,1091.6400,1074.3700,1081.6500,1349912
2019-01-08,1086.0000,1093.3500,1068.3500,1085.3700,1770654
2019-01-07,1080.9700,1082.7000,1062.6400,1075.9200,2372667
2019-01-04,1042.5600,1080.0000,1036.8600,1078.0700,2301428
2019-01-03,1050.6700,1066.2600,1022.3700,1025.4700,2097957
2019-01-02,1027.2000,1060.7900,1025.2800,1054.6800,1593395
2018-12-31,1057.8300,1062.9900,1033.0400,1044.9600,1655504
2018-12-28,1059.5000,1064.2300,1042.0000,1046.6800,1718352
2018-12-27,1026.2000,1053.3400,1007.0000,1052.9000,2299806
2018-12-26,997.9900,1048.4500,992.6500,1047.8500,2315862
2018-12-24,984.3200,1012.1200,977.6600,984.6700,1817955
2018-12-21,1032.0400,1037.6700,981.1900,991.2500,5232490
2018-12-20,1026.0000,1047.4400,1007.8600,1023.5800,2683670
2018-12-19,1047.2900,1075.7100,1019.4300,1035.4600,2913237
2018-12-18,1034.0000,1059.6900,1030.4800,1043.4100,2182019
2018-12-17,1047.0100,1062.3800,1016.6300,1025.6500,2496551
2018-12-14,1060.0200,1071.7200,1049.3700,1051.7100,1817949
2018-12-13,1075.6700,1088.4200,1064.9900,1073.5400,1249403
2018-12-12,1077.0800,1091.7300,1071.9700,1073.7300,1447973
2018-12-11,1066.9400,1070.4000,1050.1000,1061.6500,1692576
2018-12-10,1042.9400,1059.6000,1033.0000,1053.1800,1682646
2018-12-07,1072.2300,1085.0300,1039.3700,1046.5800,2134111
2018-12-06,1045.0000,1079.4200,1042.4800,1078.0800,2371825
2018-12-04,1112.9900,1114.2400,1060.7800,1062.4700,2281485
2018-12-03,1132.1600,1135.0000,1111.7300,1116.3600,2876449
2018-11-30,1095.6300,1109.6500,1083.1800,1109.6500,2983340
2018-11-29,1083.5300,1100.1500,1082.0000,1094.5800,1550523
2018-11-28,1057.4600,1092.8600,1042.9500,1091.7900,2302121
2018-11-27,1051.3400,1066.7600,1045.5000,1052.2800,1652433
2018-11-26,1044.0000,1057.0000,1039.7700,1055.9400,1577941
2018-11-23,1033.5000,1043.0000,1028.5200,1030.1000,708859
2018-11-21,1045.3100,1054.7100,1039.4600,1043.4300,1485172
2018-11-20,1007.2900,1037.3500,1002.2100,1030.4500,2722934
2018-11-19,1063.3900,1068.0000,1022.8700,1027.4200,2284191
2018-11-16,1065.2300,1072.4400,1054.9000,1068.2700,1768308
2018-11-15,1051.4600,1078.8700,1041.2900,1071.0500,2079154
2018-11-14,1060.0000,1065.7900,1041.1100,1054.5800,1733302
2018-11-13,1054.8100,1066.6700,1040.4000,1047.9700,1287475
2018-11-12,1073.1300,1074.1000,1040.3500,1049.3600,1700091
2018-11-09,1084.0200,1088.3500,1064.2600,1077.0200,1743298
2018-11-08,1107.3000,1108.2200,1084.3600,1094.6300,1685193
2018-11-07,1083.4900,1109.9300,1080.5900,1108.2400,2169392
2018-11-06,1055.0200,1079.8200,1053.6100,1069.5700,1433013
2018-11-05,1072.5300,1073.3500,1034.0000,1055.7300,2267870
2018-11-02,1089.0000,1098.0000,1067.6600,1071.4900,2172215
2018-11-01,1091.4000,1099.9000,1077.8200,1085.9800,2006575
2018-10-31,1068.2000,1108.0000,1068.2000,1090.5800,3545821
2018-10-30,1020.0100,1050.9000,1013.9700,1049.5100,2988418
2018-10-29,1096.5400,1108.8300,1007.2000,1034.7300,4064452
2018-10-26,1048.3300,1117.0000,1042.2300,1083.7500,5321883
2018-10-25,1080.3000,1117.8200,1075.5500,1103.5900,3647814
2018-10-24,1115.0000,1116.6200,1055.0600,1057.1200,2464295
2018-10-23,1091.2900,1118.0000,1079.0100,1114.9100,1884255
2018-10-22,1112.5100,1121.6900,1100.0000,1111.3700,1355842
2018-10-19,1103.7100,1120.9500,1097.0300,1105.1800,2064289
2018-10-18,1130.0000,1132.3500,1086.3400,1097.9100,2307596
2018-10-17,1140.0000,1147.0000,1114.0000,1127.5900,1782614
2018-10-16,1113.4800,1136.3700,1111.7500,1133.0800,1918879
2018-10-15,1118.0000,1121.8000,1098.2200,1102.4400,1503956
2018-10-12,1119.6400,1125.8300,1095.0300,1120.5400,2468920
2018-10-11,1079.0400,1116.0600,1075.8900,1090.7400,3384775
2018-10-10,1136.4000,1137.0200,1091.5100,1092.1600,2949006
2018-10-09,1151.3100,1161.5500,1144.1700,1145.1700,1684728
2018-10-08,1160.0000,1175.8600,1135.4000,1155.9200,2309539
2018-10-05,1176.0000,1182.0000,1154.3200,1167.8300,1593012
2018-10-04,1205.0300,1205.9000,1163.8500,1177.0700,2328778
2018-10-03,1212.0000,1214.1800,1202.1500,1211.5300,1312686
2018-10-02,1206.6700,1224.5200,1199.6600,1207.6400,2008956
2018-10-01,1213.0000,1224.2000,1203.1900,1208.5300,1659364
2018-09-28,1204.0900,1208.4500,1197.8300,1207.0800,1780759
2018-09-27,1200.0000,1216.8600,1198.0500,1207.3600,1813652
2018-09-26,1193.6900,1207.2400,1185.4000,1194.0600,1882524
2018-09-25,1184.2500,1196.8600,1174.0900,1193.8900,1657809
2018-09-24,1159.4100,1185.1900,1151.5000,1179.5600,1557479
2018-09-21,1194.9200,1196.5800,1172.0600,1172.1200,4561119
2018-09-20,1180.6700,1194.0000,1176.2500,1191.5700,1462455
2018-09-19,1168.9600,1176.2700,1158.6200,1174.2700,1298084
2018-09-18,1162.6600,1181.3300,1161.4300,1167.1100,1615701
2018-09-17,1177.7700,1181.8200,1158.4600,1159.8300,1704790
2018-09-14,1188.0000,1188.0000,1173.5200,1177.9800,1208767
2018-09-13,1179.7000,1187.8600,1169.2200,1182.1400,2003418
2018-09-12,1182.0000,1190.6900,1166.1600,1171.6000,1785833
2018-09-11,1171.1000,1190.9400,1165.9500,1189.9900,1462688
2018-09-10,1184.2000,1186.6600,1170.6100,1175.0600,1383938
2018-09-07,1172.0000,1188.5500,1169.2700,1177.5900,1633190
2018-09-06,1198.5700,1198.9900,1163.6100,1183.9900,2342722
2018-09-05,1209.2200,1214.8700,1175.3400,1199.1000,2699394
2018-09-04,1222.5200,1227.8700,1206.5600,1211.3100,2072869
2018-08-31,1252.2100,1252.5500,1225.7500,1231.8000,2115424
2018-08-30,1263.4000,1269.4900,1247.2100,1254.4400,1505219
2018-08-29,1255.0000,1267.1700,1252.8000,1264.6500,1846615
2018-08-28,1255.9000,1256.5600,1242.9700,1245.8600,1366516
2018-08-27,1244.1400,1257.8700,1240.6800,1256.2700,1428992
2018-08-24,1226.0000,1237.4000,1221.4200,1236.7500,1222653
2018-08-23,1219.8800,1235.1700,1219.3500,1221.1600,1233347
2018-08-22,1214.2200,1226.5300,1213.2200,1221.7500,1114832
2018-08-21,1223.0200,1232.7600,1215.0300,1217.4100,1154093
2018-08-20,1220.6600,1225.9100,1208.7000,1221.9500,1111173
2018-08-17,1222.0400,1226.9500,1204.0000,1215.8500,1654629
2018-08-16,1241.9900,1243.7000,1219.6300,1224.0600,1608799
2018-08-15,1244.2800,1251.9800,1226.2400,1232.2200,1852558
2018-08-14,1252.5000,1260.5900,1239.5400,1258.1400,1403991
2018-08-13,1251.2000,1265.9700,1247.0300,1248.6400,1380882
2018-08-10,1259.1800,1261.2000,1247.1600,1252.5100,1334387
2018-08-09,1262.7300,1271.9600,1260.1000,1264.4600,1366318
2018-08-08,1256.7200,1271.7200,1252.1200,1261.3300,1718664
2018-08-07,1252.0100,1266.0800,1251.8000,1255.8400,2125256
2018-08-06,1241.6100,1242.4600,1230.5300,1237.6700,1105916
2018-08-03,1245.1800,1246.5200,1229.4200,1238.1600,1063244
2018-08-02,1218.5000,1244.4100,1218.0600,1241.1300,1735180
2018-08-01,1239.1100,1245.9000,1224.9400,1232.9900,1849740
2018-07-31,1231.7100,1241.2100,1216.1900,1227.2200,1969111
2018-07-30,1245.0500,1252.8900,1224.1700,1230.0400,2194837
2018-07-27,1289.1200,1291.4400,1244.4900,1252.8900,2418090
2018-07-26,1267.1800,1287.4000,1263.0000,1285.5000,2734302
2018-07-25,1252.6200,1278.2400,1249.0500,1275.9400,2575437
2018-07-24,1271.0000,1275.0000,1244.1400,1258.1500,5380032
2018-07-23,1195.6600,1215.1000,1192.0100,1211.0000,3272304
2018-07-20,1199.2400,1210.7700,1196.5900,1197.8800,1898376
2018-07-19,1206.6500,1216.4800,1197.7300,1199.1000,1916892
2018-07-18,1208.5300,1221.5900,1204.5600,1212.9100,1947397
2018-07-17,1182.7400,1218.7600,1182.0000,1213.0800,2008133
2018-07-16,1203.8100,1208.7100,1193.4000,1196.5100,1339237
2018-07-13,1202.8000,1210.4400,1195.2900,1204.4200,1631857
2018-07-12,1174.8600,1201.9900,1173.1000,1201.2600,2207431
2018-07-11,1155.6200,1180.4400,1155.3700,1171.4600,1662633
2018-07-10,1169.9900,1173.5000,1162.5600,1167.1400,1066704
2018-07-09,1160.0000,1167.9300,1157.2300,1167.2800,1079201
2018-07-06,1141.7700,1156.2000,1137.2400,1155.0800,1090967
2018-07-05,1124.6000,1144.1400,1123.1200,1141.2900,1429710
2018-07-03,1149.4200,1149.9100,1114.4300,1116.2800,822394
2018-07-02,1115.3500,1142.9900,1106.6000,1142.1100,1161040
2018-06-29,1132.3100,1141.3600,1127.0200,1129.1900,1578116
2018-06-28,1112.3900,1134.0000,1106.0700,1126.7800,1486675
2018-06-27,1136.0000,1146.2100,1116.7000,1116.9400,1726866
2018-06-26,1144.1400,1146.8700,1129.0000,1132.6200,1734414
2018-06-25,1155.0000,1155.9900,1119.9000,1139.2800,2884131
2018-06-22,1171.4900,1175.0000,1159.6500,1169.2900,1711003
2018-06-21,1185.5100,1190.3300,1163.4800,1169.4400,2248277
2018-06-20,1183.3000,1201.4900,1182.0300,1184.0700,2584260
2018-06-19,1170.1100,1182.8100,1161.6100,1178.6900,2364127
2018-06-18,1152.6900,1184.1300,1151.0000,1183.5800,1651913
2018-06-15,1159.9200,1163.9100,1153.6900,1159.2700,2221891
2018-06-14,1152.2100,1165.9900,1150.6000,1160.1100,1771120
2018-06-13,1152.2800,1155.6400,1143.3800,1144.2300,1715074
2018-06-12,1141.0200,1148.7500,1141.0200,1148.1900,1304612
2018-06-11,1132.9400,1147.7400,1131.4000,1140.9000,1239770
2018-06-08,1131.2100,1138.7800,1123.2300,1132.7100,1364226
2018-06-07,1144.5800,1145.8700,1126.1200,1134.4200,1805388
2018-06-06,1152.7700,1154.7100,1136.3200,1146.9500,1746719
2018-06-05,1154.6600,1161.1000,1147.4600,1151.0200,1648222
2018-06-04,1138.5000,1157.8600,1137.0000,1153.0400,2237701
2018-06-01,1112.8700,1138.1600,1112.0100,1135.0000,3160100
2018-05-31,1082.0000,1110.0000,1078.0000,1100.0000,3968362
2018-05-30,1073.4800,1078.9900,1066.5500,1077.4700,1434282
2018-05-29,1076.0000,1081.3400,1063.0800,1068.0700,1803805
2018-05-25,1086.5500,1089.5700,1082.6000,1084.0800,1111161
2018-05-24,1086.9000,1087.1200,1072.3000,1085.4500,1030194
2018-05-23,1070.0000,1088.0000,1066.9600,1085.9600,1186998
2018-05-22,1089.8000,1091.8000,1072.2600,1075.3100,1111299
2018-05-21,1079.0000,1093.3000,1078.0000,1084.0100,1258999
2018-05-18,1066.0000,1073.7300,1064.6800,1069.6400,1774149
2018-05-17,1081.4600,1091.0000,1076.4200,1081.2600,1286907
2018-05-16,1085.0900,1094.3800,1081.6300,1084.0900,1281406
2018-05-15,1096.9000,1099.1200,1078.7800,1084.8700,1786926
2018-05-14,1105.5700,1118.1500,1104.8000,1106.6000,1966893
2018-05-11,1100.4100,1109.0100,1097.2200,1103.3800,1525218
2018-05-10,1095.0000,1109.4100,1093.8800,1105.4700,1820676
2018-05-09,1064.1000,1094.0000,1062.1100,1088.9500,2357979
2018-05-08,1064.6200,1065.2300,1051.6400,1058.5900,1301524
2018-05-07,1053.8900,1065.0000,1050.2700,1059.4600,1719971
2018-05-04,1019.6100,1051.8800,1018.0500,1051.0000,1844600
2018-05-03,1025.3700,1030.6900,1007.8900,1026.3000,1964066
2018-05-02,1034.0000,1043.9800,1023.1600,1026.0500,1734872
2018-05-01,1016.3000,1041.7300,1010.6100,1040.7500,1766256
2018-04-30,1034.4200,1038.3700,1018.3000,1018.5800,1724632
2018-04-27,1045.5400,1051.7000,1027.5900,1031.4500,2037263
2018-04-26,1033.2200,1052.0200,1020.4500,1043.3100,2546332
2018-04-25,1029.7500,1036.0700,1017.0100,1022.9900,2893047
2018-04-24,1059.2000,1064.4900,1012.8600,1022.6400,6411038
2018-04-23,1082.9800,1088.0000,1066.6800,1073.8100,3479496
2018-04-20,1084.2700,1094.7500,1072.1000,1077.3200,2121692
2018-04-19,1069.0200,1097.5100,1069.0200,1089.4500,1994247
2018-04-18,1079.0100,1082.0000,1070.5200,1075.3900,1556298
2018-04-17,1061.2000,1085.0000,1057.0900,1079.3600,2729197
2018-04-16,1045.5500,1051.4300,1033.9200,1046.1000,1488822
2018-04-13,1046.8900,1052.9800,1030.1500,1036.0400,1270461
2018-04-12,1031.4700,1044.6500,1026.0500,1037.2900,1644794
2018-04-11,1032.0000,1035.8700,1019.2000,1025.0600,1703015
2018-04-10,1030.2600,1041.2100,1015.4100,1036.5000,1836678
2018-04-09,1020.0400,1044.5900,1019.2000,1020.0900,1661012
2018-04-06,1023.1000,1036.0000,1006.2500,1009.9500,2006683
2018-04-05,1046.3900,1046.7100,1024.0000,1032.6400,1791761
2018-04-04,998.2300,1032.7400,996.5100,1029.7100,2536198
2018-04-03,1016.1500,1025.0000,997.2500,1018.6800,2566146
2018-04-02,1027.6200,1039.5300,994.2500,1012.6300,3253387
2018-03-29,1011.2100,1048.0500,1004.0400,1037.1400,3466876
2018-03-28,1001.9100,1024.9900,984.0000,1005.1800,3884943
2018-03-27,1063.9000,1064.5400,997.6200,1006.9400,2940957
2018-03-26,1050.6000,1059.2700,1010.5800,1054.0900,3272409
2018-03-23,1051.3700,1066.7800,1024.8700,1026.5500,2413517
2018-03-22,1080.0100,1083.9200,1049.6400,1053.1500,3418154
2018-03-21,1092.5700,1108.7000,1087.2100,1094.0000,1990515
2018-03-20,1098.4000,1105.5500,1082.4200,1095.8000,2709310
2018-03-19,1117.7600,1119.3700,1088.9200,1100.0700,3076349
2018-03-16,1155.3500,1156.8100,1131.3600,1134.4200,2654602
2018-03-15,1149.5700,1162.5000,1135.6600,1150.6100,1623868
2018-03-14,1145.8000,1159.7600,1142.3500,1148.8900,2033697
2018-03-13,1171.8300,1178.0000,1134.5700,1139.9100,2129435
2018-03-12,1165.0500,1178.1600,1159.2000,1165.9300,2129297
2018-03-09,1139.5000,1161.0000,1134.2900,1160.8400,2070174
2018-03-08,1117.2000,1131.4400,1117.2000,1129.3800,1510478
2018-03-07,1092.8200,1116.2000,1089.9100,1115.0400,1537429
2018-03-06,1102.1000,1105.6300,1094.5000,1100.9000,1169068
2018-03-05,1078.1300,1101.1800,1072.2700,1094.7600,1432369
2018-03-02,1057.9800,1086.8900,1050.1100,1084.1400,2508145
2018-03-01,1109.5400,1111.2700,1067.2900,1071.4100,2766856
2018-02-28,1122.0000,1127.6500,1103.0000,1103.9200,2431023
2018-02-27,1143.7000,1144.2500,1116.7900,1117.5100,2094863
2018-02-26,1131.8600,1144.2000,1129.3400,1143.7000,1489118
2018-02-23,1118.6600,1129.0000,1108.4400,1128.0900,1234539
2018-02-22,1119.1700,1125.4600,1105.1500,1109.9000,1386115
2018-02-21,1109.1000,1136.2000,1107.5100,1113.7500,2024534
2018-02-20,1092.7600,1116.2900,1090.0000,1103.5900,1646405
2018-02-16,1093.3800,1108.3100,1091.5500,1095.5000,1971928
2018-02-15,1083.4500,1094.1000,1067.2300,1091.3600,1806206
2018-02-14,1054.3200,1075.4700,1049.8000,1072.7000,2029979
2018-02-13,1050.0000,1061.2200,1046.9200,1054.1400,1574121
2018-02-12,1056.6700,1065.5700,1045.4900,1054.5600,2796258
2018-02-09,1025.8800,1051.7200,997.0000,1046.2700,4436032
2018-02-08,1059.8700,1063.9300,1004.7000,1007.7100,3067173
2018-02-07,1084.9700,1086.5300,1054.6200,1055.4100,2544683
2018-02-06,1033.9800,1087.3800,1030.0100,1084.4300,3732527
2018-02-05,1100.6100,1114.9900,1056.7400,1062.3900,3742469
2018-02-02,1127.4200,1131.3000,1111.1700,1119.2000,5798880
2018-02-01,1175.9900,1187.4500,1169.3600,1181.5900,2774967
2018-01-31,1183.8100,1186.3200,1172.1000,1182.2200,1643877
2018-01-30,1177.7200,1187.9300,1174.5100,1177.3700,1792602
2018-01-29,1188.0000,1198.0000,1184.0600,1186.4800,1533931
2018-01-26,1187.5300,1187.5600,1168.0300,1187.5600,1981476
2018-01-25,1180.7100,1185.0000,1171.8400,1182.1400,1398961
2018-01-24,1184.9800,1187.0500,1167.4000,1171.2900,1818182
2018-01-23,1170.6200,1178.5100,1167.2500,1176.1700,1832126
2018-01-22,1143.8200,1166.8800,1141.8200,1164.1600,1437954
2018-01-19,1138.0300,1143.7800,1132.5000,1143.5000,1418376
2018-01-18,1139.3500,1140.5900,1124.4600,1135.9700,1333633
2018-01-17,1136.3600,1139.3200,1123.4900,1139.1000,1353097
2018-01-16,1140.3100,1148.8800,1126.6600,1130.7000,1783881
2018-01-12,1110.1000,1131.3000,1108.0100,1130.6500,1914460
2018-01-11,1112.3100,1114.8500,1106.4800,1112.0500,1102461
2018-01-10,1107.0000,1112.7800,1103.9800,1110.1400,1027781
2018-01-09,1118.4400,1118.4400,1108.2000,1112.7900,1335995
2018-01-08,1111.0000,1119.1600,1110.0000,1114.2100,1148958
2018-01-05,1103.4500,1113.5800,1101.8000,1110.2900,1493389
2018-01-04,1097.0900,1104.0800,1094.2600,1095.7600,1289293
2018-01-03,1073.9300,1096.1000,1073.4300,1091.5200,1550593
2018-01-02,1053.0200,1075.9800,1053.0200,1073.2100,1555809
2017-12-29,1055.4900,1058.0500,1052.7000,1053.4000,1156357
2017-12-28,1062.2500,1064.8400,1053.3800,1055.9500,982285
2017-12-27,1066.6000,1068.2700,1058.3800,1060.2000,1027634
2017-12-26,1068.6400,1068.8600,1058.6400,1065.8500,914574
2017-12-22,1070.0000,1071.7200,1067.6400,1068.8600,860800
2017-12-21,1075.3900,1077.5200,1069.0000,1070.8500,1211012
2017-12-20,1080.9200,1081.2300,1068.6000,1073.5600,1429035
2017-12-19,1083.0200,1084.9700,1072.2700,1079.7800,1287930
2017-12-18,1076.4500,1086.4900,1070.3700,1085.0900,1482768
2017-12-15,1063.7800,1075.2500,1060.0900,1072.0000,3080738
2017-12-14,1055.4900,1067.0800,1053.6000,1057.4700,1531504
2017-12-13,1052.0800,1055.4800,1046.5800,1051.3900,1369580
2017-12-12,1050.0000,1062.5000,1044.8700,1048.7700,1684977
2017-12-11,1051.1100,1056.0000,1044.1200,1051.9700,1096997
2017-12-08,1051.8100,1056.4200,1045.8600,1049.3800,1479665
2017-12-07,1036.0700,1048.9200,1035.3600,1044.5700,1437448
2017-12-06,1016.5200,1039.5800,1015.3100,1032.7200,1369276
2017-12-05,1010.9900,1036.6800,1002.3200,1019.6000,1927802
2017-12-04,1027.8000,1031.3400,1009.2200,1011.8700,1896325
2017-12-01,1030.4100,1037.2400,1016.9000,1025.0700,1866985
2017-11-30,1039.9400,1044.1400,1030.0700,1036.1700,2231818
2017-11-29,1056.1800,1058.7700,1029.6500,1037.3800,2787784
2017-11-28,1073.9900,1080.0000,1054.5400,1063.2900,1694098
2017-11-27,1058.5700,1073.0400,1054.7700,1072.0100,1708195
2017-11-24,1054.3900,1060.0700,1051.9200,1056.5200,825342
2017-11-22,1051.1600,1055.4300,1047.2500,1051.9200,721498
2017-11-21,1040.0400,1050.3900,1039.1400,1050.3000,1075568
2017-11-20,1036.0000,1038.7000,1032.6800,1034.6600,850423
2017-11-17,1049.8000,1051.0000,1033.7300,1035.8900,1286044
2017-11-16,1038.7500,1051.7600,1038.0000,1048.4700,1125995
2017-11-15,1035.0000,1039.6300,1030.7600,1036.4100,900695
2017-11-14,1037.7200,1042.3000,1029.3300,1041.6400,982782
2017-11-13,1040.8000,1048.7400,1039.2600,1041.2000,914852
2017-11-10,1043.8700,1046.6300,1041.2200,1044.1500,955500
2017-11-09,1048.0000,1050.8800,1035.8500,1047.7200,1776722
2017-11-08,1050.0500,1062.6900,1047.0500,1058.2900,1195180
2017-11-07,1049.6500,1053.4100,1043.0000,1052.3900,1254965
2017-11-06,1049.1000,1052.5900,1042.0000,1042.6800,897897
2017-11-03,1042.7500,1050.6600,1037.6500,1049.9900,1370874
2017-11-02,1039.9900,1045.5200,1028.6600,1042.9700,1233333
2017-11-01,1036.3200,1047.8600,1034.0000,1042.6000,2105729
2017-10-31,1033.0000,1041.0000,1026.3000,1033.0400,1490660
2017-10-30,1029.1600,1039.8300,1022.3300,1033.1300,2245352
2017-10-27,1030.9900,1063.6200,1026.8500,1033.6700,5139945
2017-10-26,998.4700,1006.5100,990.4700,991.4200,1827682
2017-10-25,986.2700,994.4300,977.7220,991.4600,1368042
2017-10-24,986.5000,989.2600,977.0800,988.4900,1416283
2017-10-23,1005.1800,1005.7900,983.1000,985.5400,1623580
2017-10-20,1007.0500,1008.6500,1002.2700,1005.0700,1568454
2017-10-19,1004.7500,1007.3200,997.3000,1001.8400,1677021
2017-10-18,1011.0500,1016.3100,1005.3200,1012.7400,1270218
2017-10-17,1007.4400,1014.5600,1006.0500,1011.0000,991412
2017-10-16,1009.6300,1012.0000,1001.5200,1009.3500,1066744
2017-10-13,1009.1100,1014.7600,1007.0600,1007.8700,1308881
2017-10-12,1003.8400,1011.5400,1001.1000,1005.6500,1521137
2017-10-11,989.0400,1007.5600,987.9400,1005.6500,1748443
2017-10-10,995.3000,997.4700,981.1100,987.8000,1158864
2017-10-09,995.0000,1000.4600,991.5000,992.3100,1151035
2017-10-06,980.0000,994.2600,978.5100,993.6400,1490744
2017-10-05,972.7900,986.5085,970.2700,985.1900,1627255
2017-10-04,971.7600,974.4000,965.6100,966.7800,896531
2017-10-03,967.5600,972.4400,962.7050,972.0800,1080312
2017-10-02,975.6500,977.7400,961.9500,967.4700,1466444
2017-09-29,966.0000,975.8100,966.0000,973.7200,1906445
2017-09-28,956.2500,966.1800,955.5500,964.8100,1347750
2017-09-27,942.7400,965.4300,941.9500,959.9000,2313498
2017-09-26,936.6900,944.0800,935.1200,937.4300,1618182
2017-09-25,939.4500,939.7500,924.5101,934.2800,1847436
2017-09-22,942.7700,950.0000,940.8350,943.2600,1067617
2017-09-21,948.1300,952.8000,939.3800,947.5500,1302726
2017-09-20,937.7300,950.0000,937.5000,947.5400,1896919
2017-09-19,933.4100,937.9400,926.6600,936.8600,1217430
2017-09-18,935.0100,936.8600,925.4000,929.7500,1445532
2017-09-15,940.0900,941.7500,931.2500,935.2900,1940047
2017-09-14,946.0000,948.0300,938.3560,940.1300,1415168
2017-09-13,945.5000,952.8500,944.7400,950.4400,1092849
2017-09-12,946.9200,948.0850,937.5000,946.6500,1245767
2017-09-11,947.2000,952.6800,941.0000,943.2900,1317796
2017-09-08,949.7000,950.7000,940.0100,941.4100,996449
2017-09-07,944.2500,950.4965,937.5300,949.8900,1103286
2017-09-06,943.8700,944.5000,932.6800,942.0200,1375952
2017-09-05,946.8600,951.3854,935.6000,941.4800,1455058
2017-09-01,957.4700,958.3300,950.2800,951.9900,1034769
2017-08-31,946.3000,957.1950,946.2500,955.2400,1672387
2017-08-30,935.6700,945.8600,934.0500,943.6300,1112814
2017-08-29,919.9500,938.1900,919.3100,935.7500,1144834
2017-08-28,931.8800,934.8500,926.1100,928.1300,1025199
2017-08-25,939.2100,940.7300,930.1000,930.5000,1169101
2017-08-24,943.7100,946.3100,930.7400,936.8900,1249098
2017-08-23,937.0000,945.4250,935.2400,942.5800,1126487
2017-08-22,926.9600,941.9617,926.1700,940.4000,1711377
2017-08-21,925.7700,928.2500,918.6000,920.8700,1292624
2017-08-18,926.9800,931.0200,923.4500,926.1800,1327288
2017-08-17,942.9500,943.8100,927.6400,927.6600,1653779
2017-08-16,941.2500,949.9000,940.0391,944.2700,1329301
2017-08-15,941.0300,943.0700,936.6400,938.0800,1006064
2017-08-14,939.0700,941.0400,934.4850,938.9300,1140212
2017-08-11,923.7100,933.3600,921.2200,930.0900,1589808
2017-08-10,935.0000,936.3000,921.7768,923.5900,2657279
2017-08-09,938.4500,943.7600,933.9200,940.0800,1360604
2017-08-08,944.2900,952.4900,942.4800,944.1900,1438418
2017-08-07,947.5200,948.9600,943.5000,945.7500,1405132
2017-08-04,943.9500,947.5400,939.7950,945.7900,1192871
2017-08-03,949.1000,950.0000,939.4400,940.3000,1028591
2017-08-02,948.3700,949.1000,932.5210,947.6400,2019979
2017-08-01,947.8100,954.4900,944.9600,946.5600,1205799
2017-07-31,960.0000,961.1925,941.7250,945.5000,2268160
2017-07-28,947.9900,961.7900,945.3100,958.3300,1795477
2017-07-27,969.1800,969.5200,937.0600,952.5100,3685905
2017-07-26,972.7800,973.9500,960.2300,965.3100,2166225
2017-07-25,970.7000,976.7300,963.8000,969.0300,5793414
2017-07-24,994.1000,1006.1900,990.2728,998.3100,3053176
2017-07-21,989.0000,995.1100,984.1700,993.8400,1412108
2017-07-20,997.0000,998.6800,984.6200,992.1900,1410290
2017-07-19,990.0100,995.6000,987.0100,992.7700,1392709
2017-07-18,973.3600,990.8500,972.0400,986.9500,1398920
2017-07-17,976.3200,983.3500,970.8000,975.9600,1644618
2017-07-14,974.0000,977.5400,970.1500,976.9100,1048240
2017-07-13,970.8000,978.7000,964.8000,968.8500,1519987
2017-07-12,960.8600,969.6300,957.0400,967.6600,1589548
2017-07-11,950.5200,954.8900,945.1200,953.5300,1444540
2017-07-10,941.9500,953.1300,941.9500,951.0000,1409850
2017-07-07,930.9850,944.6600,929.7900,940.8100,1614080
2017-07-06,925.0000,936.1400,919.8500,927.6900,1941822
2017-07-05,924.2000,936.2900,918.6305,932.2600,2054927
2017-07-03,933.2200,934.2400,915.3100,919.4600,1694587
2017-06-30,943.9900,944.9995,929.6100,929.6800,2185444
2017-06-29,951.3500,951.6600,929.6000,937.8200,3182331
2017-06-28,950.6600,963.2400,936.1600,961.0100,2713366
2017-06-27,961.6000,967.2200,947.0900,948.0900,2428048
2017-06-26,990.0000,993.9900,970.3300,972.0900,1505655
2017-06-23,975.5000,986.6200,974.4600,986.0900,1439728
2017-06-22,976.8700,980.5000,973.3148,976.6200,940086
2017-06-21,970.7900,979.6700,969.1600,978.5900,1141315
2017-06-20,975.3100,980.7900,968.2000,968.9900,1273013
2017-06-19,969.6500,979.3000,968.2000,975.2200,1449343
2017-06-16,957.9100,959.9500,948.7000,958.6200,2484914
2017-06-15,948.0200,960.6775,940.3700,960.1800,2349212
2017-06-14,975.5000,979.7000,959.5103,967.9300,1489046
2017-06-13,972.0400,977.9100,962.0100,970.5000,1992456
2017-06-12,958.7200,968.0000,936.7950,961.8100,4167184
2017-06-09,1005.4900,1005.5000,953.3700,970.1200,3613964
2017-06-08,1004.2300,1005.6000,996.6200,1004.2800,1657881
2017-06-07,998.8200,1003.9100,995.8100,1001.5900,1348198
2017-06-06,1003.3100,1008.6100,994.8000,996.6800,1517356
2017-06-05,997.8900,1007.4000,995.4500,1003.8800,1353264
2017-06-02,988.5900,996.4800,987.0700,996.1200,1719720
2017-06-01,990.9600,993.1400,981.2900,988.2900,1295552
2017-05-31,996.2100,999.6000,981.6800,987.0900,1703990
2017-05-30,992.5000,997.6200,991.3601,996.1700,1511472
2017-05-26,992.0000,996.3900,987.3600,993.2700,1622807
2017-05-25,979.0000,995.7800,977.8200,991.8600,1951402
2017-05-24,975.2600,978.1150,971.6299,977.6100,1128880
2017-05-23,969.9600,974.5100,964.5000,970.5500,1529617
2017-05-22,957.0000,964.8200,956.5600,964.0700,1305246
2017-05-19,952.8200,959.5600,952.0000,954.6500,1327354
2017-05-18,943.2000,954.1800,941.2700,950.5000,1758452
2017-05-17,959.7000,960.9900,940.0600,942.1700,2414323
2017-05-16,963.5500,965.8955,960.3500,964.6100,1069898
2017-05-15,955.2900,962.7000,952.8200,959.2200,1314574
2017-05-12,957.8500,957.9800,952.0600,955.1400,1204133
2017-05-11,951.2900,957.9900,948.6100,955.8900,1016797
2017-05-10,956.2200,956.7100,949.8400,954.8400,1135809
2017-05-09,961.3300,962.2000,954.4000,956.7100,1633396
2017-05-08,947.4500,960.9900,947.3950,958.6900,1863198
2017-05-05,956.7200,958.4395,948.0986,950.2800,1593898
2017-05-04,950.2900,959.1400,947.3700,954.7200,1934652
2017-05-03,936.0500,950.2000,935.2100,948.4500,1792847
2017-05-02,933.2700,942.9850,931.0000,937.0900,1745453
2017-05-01,924.1500,935.8200,920.8000,932.8200,2294856
2017-04-28,929.0000,935.9000,923.2200,924.5200,38459
2017-04-27,890.0000,893.3774,887.1800,891.4400,1817740
2017-04-26,891.3900,892.9900,885.1500,889.1400,1302032
2017-04-25,882.2600,892.2500,879.2801,888.8400,2020460
2017-04-24,868.4400,879.9600,866.1100,878.9300,1691896
2017-04-21,860.6200,862.4400,857.7300,858.9500,1172870
2017-04-20,859.7400,863.9300,857.5000,860.0800,1188843
2017-04-19,857.3850,860.2000,853.5275,856.5100,1080336
2017-04-18,852.5400,857.3900,851.2500,853.9900,936201
2017-04-17,841.3800,855.6400,841.0300,855.1300,1049125
2017-04-13,841.0400,843.7300,837.8503,840.1800,1073650
2017-04-12,838.4600,843.7200,837.5900,841.4600,1135775
2017-04-11,841.7000,844.6300,834.6000,839.8800,974343
2017-04-10,841.5400,846.7372,840.7900,841.7000,1046215
2017-04-07,845.0000,845.8800,837.3000,842.1000,1110404
2017-04-06,849.5000,853.5900,844.0000,845.0950,1533564
2017-04-05,854.7100,860.5900,847.5200,848.9100,1855153
2017-04-04,848.0000,853.0000,847.5050,852.5700,1348494
2017-04-03,848.7500,859.0000,847.5298,856.7500,1969402
2017-03-31,846.8300,849.5600,845.2445,847.8000,1440982
2017-03-30,851.9800,852.0000,846.7700,849.4800,949398
2017-03-29,842.7500,851.5850,841.3800,849.8700,1457347
2017-03-28,839.6900,845.4000,832.2650,840.6300,1519202
2017-03-27,828.0900,841.3800,824.3000,838.5100,1935211
2017-03-24,842.0000,844.0000,829.1000,835.1400,2105682
2017-03-23,841.3900,841.6900,833.0000,839.6500,3287669
2017-03-22,849.4800,855.3500,847.0000,849.8000,1366749
2017-03-21,870.0600,873.4700,847.6870,850.1400,2537978
2017-03-20,869.4800,870.3400,864.6650,867.9100,1542199
2017-03-17,873.6800,874.4200,868.3700,872.3700,1868252
2017-03-16,870.5300,872.7100,867.5200,870.0000,1104452
2017-03-15,867.9400,869.8800,861.2950,868.3900,1332885
2017-03-14,863.7500,867.5800,860.1300,865.9100,1061692
2017-03-13,860.8300,867.1300,860.8200,864.5800,1166605
2017-03-10,862.7000,864.2290,857.6100,861.4050,1336585
2017-03-09,853.6900,860.7100,852.6700,857.8400,1347697
2017-03-08,853.1200,856.9300,851.2500,853.6400,1029834
2017-03-07,847.2600,853.3300,845.5200,851.1500,1038696
2017-03-06,846.8600,848.9400,841.1700,847.2700,1047872
2017-03-03,848.9400,850.8200,844.7050,849.0800,1006612
2017-03-02,856.3100,856.4900,848.7200,849.8500,1250938
2017-03-01,851.3800,858.0000,849.0200,856.7500,1818671
2017-02-28,847.3500,848.8300,841.4422,844.9300,1383119
2017-02-27,844.9500,850.6700,843.0100,849.6700,1010333
2017-02-24,847.6500,848.3600,842.9601,847.8100,1346189
2017-02-23,851.0800,852.6200,842.5000,851.0000,1386681
2017-02-22,848.0000,853.7900,846.7101,851.3600,1224889
2017-02-21,847.9900,852.2000,846.5500,849.2700,1261062
2017-02-17,841.3100,846.9400,839.7800,846.5500,1461210
2017-02-16,838.5000,842.6900,837.2600,842.1700,1005084
2017-02-15,838.8100,841.7725,836.2200,837.3200,1357185
2017-02-14,839.7700,842.0000,835.8300,840.0300,1363345
2017-02-13,837.7000,841.7350,836.2460,838.9600,1295708
2017-02-10,832.9500,837.1500,830.5100,834.8500,1415128
2017-02-09,831.7300,831.9800,826.5000,830.0600,1194238
2017-02-08,830.5300,834.2500,825.1100,829.8800,1302225
2017-02-07,825.5000,831.9200,823.2926,829.2300,1666605
2017-02-06,820.9200,822.3900,814.2900,821.6200,1350875
2017-02-03,823.1300,826.1300,819.3500,820.1300,1528095
2017-02-02,815.0000,824.5600,812.0510,818.2600,1689179
2017-02-01,824.0000,824.0000,812.2500,815.2400,2251047
2017-01-31,819.5000,823.0700,813.4000,820.1900,2020180
2017-01-30,837.0600,837.2300,821.0300,823.8300,3516933
2017-01-27,859.0000,867.0000,841.9000,845.0300,3752497
2017-01-26,859.0500,861.0000,850.5201,856.9800,3493251
2017-01-25,853.5500,858.7936,849.7400,858.4500,1662148
2017-01-24,846.9800,851.5200,842.2800,849.5300,1688375
2017-01-23,831.6100,845.5428,828.7000,844.4300,2457377
2017-01-20,829.0900,829.2400,824.6000,828.1700,1306183
2017-01-19,829.0000,832.9999,823.9600,824.3700,1070454
2017-01-18,829.8000,829.8100,824.0800,829.0200,1027698
2017-01-17,830.0000,830.1800,823.2001,827.4600,1440905
2017-01-13,831.0000,834.6500,829.5200,830.9400,1290182
2017-01-12,828.3800,830.3800,821.0100,829.5300,1350308
2017-01-11,826.6200,829.9000,821.4700,829.8600,1325394
2017-01-10,827.0700,829.4100,823.1400,826.0100,1197442
2017-01-09,826.3700,830.4300,821.6200,827.1800,1408924
2017-01-06,814.9900,828.9600,811.5000,825.2100,2017097
2017-01-05,807.5000,813.7400,805.9200,813.0200,1340535
2017-01-04,809.8900,813.4300,804.1100,807.7700,1515339
2017-01-03,800.6200,811.4350,796.8900,808.0100,1959033
2016-12-30,803.2100,803.2850,789.6200,792.4500,1735879
2016-12-29,802.3300,805.7500,798.1440,802.8800,1057392
2016-12-28,813.3300,813.3300,802.4400,804.5700,1214756
2016-12-27,808.6800,816.0000,805.8000,809.9300,975962
2016-12-23,808.0100,810.9696,805.1100,807.8000,765537
2016-12-22,809.1000,811.0700,806.0300,809.6800,1132119
2016-12-21,815.7200,815.7200,805.1000,812.2000,1459628
2016-12-20,813.3700,816.4900,811.0000,815.2000,1271883
2016-12-19,809.2800,816.2200,804.5000,812.5000,1263581
2016-12-16,818.3100,819.2000,808.1200,809.8400,2598866
2016-12-15,817.3600,823.0000,812.0000,815.6500,1769719
2016-12-14,815.9200,824.2600,812.7800,817.8900,1799654
2016-12-13,812.3900,824.3000,811.9400,815.3400,2128210
2016-12-12,804.8200,811.3500,804.5311,807.9000,1628602
2016-12-09,799.3000,809.9500,798.0500,809.4500,1904463
2016-12-08,792.9500,799.0000,787.9050,795.1700,1612531
2016-12-07,779.9500,792.0000,773.5300,791.4700,2029415
2016-12-06,780.1900,785.2800,773.3200,776.1800,1734099
2016-12-05,770.0000,780.0000,766.9686,778.2200,1688473
2016-12-02,761.9000,770.5000,759.0000,764.4600,1718846
2016-12-01,778.5500,778.6000,753.3600,764.3300,2867074
2016-11-30,789.1000,791.5100,773.1450,775.8800,2279054
2016-11-29,788.3800,796.4400,785.3400,789.4400,1561981
2016-11-28,778.3500,799.7400,778.1000,785.7900,2575432
2016-11-25,782.6100,782.9000,778.1900,780.2300,613549
2016-11-23,789.5200,789.5200,772.6500,779.0000,1312981
2016-11-22,788.9900,793.7700,783.7400,785.0000,1394174
2016-11-21,778.1000,786.5500,776.3000,784.8000,1630835
2016-11-18,787.1700,791.2900,775.3500,775.9700,1806264
2016-11-17,782.5000,788.9000,779.8500,786.1600,1533679
2016-11-16,781.8400,783.5000,766.3300,779.9800,1798360
2016-11-15,765.4700,780.2376,765.2200,775.1600,2943889
2016-11-14,771.7600,771.7800,743.5900,753.2200,3688274
2016-11-11,776.8100,777.2900,765.5400,771.7500,3592641
2016-11-10,810.0000,810.0600,768.2300,780.2900,5909609
2016-11-09,801.8300,811.7100,792.0350,805.5900,3098510
2016-11-08,802.0300,816.0400,799.6200,811.9800,1769069
2016-11-07,794.9500,805.0000,792.9000,802.0300,1992570
2016-11-04,771.3000,788.4800,771.0043,781.1000,1970603
2016-11-03,784.5000,790.0000,778.6300,782.1900,2175216
2016-11-02,806.7600,806.7600,785.0000,788.4200,2350736
2016-11-01,810.8700,813.9600,798.2600,805.4800,2355890
2016-10-31,822.4300,822.6300,808.0000,809.9000,2242679
2016-10-28,829.9400,839.0000,817.0000,819.5600,4354884
2016-10-27,823.0100,826.5800,814.6100,817.3500,2973486
2016-10-26,827.1200,827.7100,816.3500,822.1000,1794868
2016-10-25,838.5000,838.5000,825.3005,828.5500,1890712
2016-10-24,830.0900,837.9400,829.0400,835.7400,1447616
2016-10-21,820.0000,824.2900,818.3100,824.0600,1615814
2016-10-20,827.5600,828.4650,820.5500,821.6300,1393870
2016-10-19,824.5200,829.8100,823.2050,827.0900,1500142
2016-10-18,814.2100,828.8100,813.3300,821.4900,2289265
2016-10-17,805.9900,813.4900,803.8300,806.8400,1056367
2016-10-14,807.4500,810.0900,802.3200,804.6000,1111934
2016-10-13,806.0700,806.5600,798.6200,804.0800,1368981
2016-10-12,811.9600,814.5000,808.5545,811.7700,907876
2016-10-11,814.1700,819.8600,807.3700,809.5700,1721575
2016-10-10,803.9300,817.3800,802.2400,814.1700,1496115
2016-10-07,805.9300,805.9400,796.8200,800.7100,1163899
2016-10-06,804.0800,806.9450,800.5100,803.0800,1099909
2016-10-05,806.0000,808.5000,800.7100,801.2300,1213820
2016-10-04,805.0000,806.5000,799.6700,802.7900,1258706
2016-10-03,802.5500,803.5400,796.2300,800.3800,1489212
2016-09-30,803.6000,808.0900,801.5000,804.0600,1660201
2016-09-29,807.2300,813.9100,800.8550,802.6400,1349974
2016-09-28,804.0800,810.2500,802.7803,810.0600,1470280
2016-09-27,801.8300,813.4900,801.8300,810.7300,1367271
2016-09-26,809.8200,810.0800,800.4500,802.6500,1472732
2016-09-23,815.1400,817.0000,812.7300,814.9600,1411673
2016-09-22,810.0000,819.0600,807.7100,815.9500,1759290
2016-09-21,801.2600,805.9100,796.0300,805.0300,1348476
2016-09-20,800.0000,802.7500,798.2600,799.7800,1050041
2016-09-19,801.1100,803.9900,793.5600,795.3900,1149522
2016-09-16,799.0200,799.0200,793.6200,797.9700,2130571
2016-09-15,790.0100,803.6450,788.6600,801.2300,1566360
2016-09-14,787.5300,796.3300,787.5300,790.4600,1313912
2016-09-13,794.0100,795.7900,784.3300,788.7200,1809044
2016-09-12,784.5200,800.1700,783.5000,798.8200,1863737
2016-09-09,798.7700,801.7500,788.0500,788.4800,1887633
2016-09-08,805.2200,808.4200,801.0101,802.8400,1177660
2016-09-07,807.9300,810.6000,803.7200,807.9900,1145724
2016-09-06,798.3900,810.8900,795.4300,808.0200,1989537
2016-09-02,795.2700,797.1000,793.2600,796.8700,1349896
2016-09-01,791.9800,792.8900,786.3300,791.4000,1303460
2016-08-31,789.6000,791.5700,787.2000,789.8500,1071420
2016-08-30,792.8800,798.0000,789.4700,791.9200,1167413
2016-08-29,793.0500,798.5200,790.3200,795.8200,773698
2016-08-26,792.4900,799.4000,789.4069,793.2200,1248881
2016-08-25,792.0000,794.7200,787.2300,791.3000,1202680
2016-08-24,796.8600,798.4600,790.7600,793.6000,1284437
2016-08-23,800.4800,801.0000,795.9900,796.5900,917513
2016-08-22,798.5100,799.3000,794.3300,796.9500,853365
2016-08-19,799.7900,801.2300,796.8800,799.6500,1120763
2016-08-18,805.3600,808.0000,801.6300,802.7500,865160
2016-08-17,800.0000,805.6300,796.3000,805.4200,1066070
2016-08-16,803.5000,804.2600,797.0000,801.1900,1057897
2016-08-15,807.2100,811.3600,804.0300,805.9600,930074
2016-08-12,805.0900,807.1900,803.6400,807.0500,897283
2016-08-11,810.4700,813.8790,806.0000,808.2000,1282274
2016-08-10,807.0500,810.8790,806.4900,808.4900,918514
2016-08-09,804.4900,813.3300,804.0600,807.4800,1607685
2016-08-08,806.0000,807.6000,801.6900,805.2300,1221609
2016-08-05,800.1100,807.2200,797.8100,806.9300,1807271
2016-08-04,798.2400,800.2000,793.9200,797.2500,1076031
2016-08-03,796.4700,799.5400,793.0200,798.9200,1461025
2016-08-02,797.3300,802.3200,794.5300,800.1200,1996354
2016-08-01,786.6700,807.4900,785.0400,800.9400,3029658
2016-07-29,797.7100,803.9400,790.0000,791.3400,5090527
2016-07-28,768.8400,768.9700,759.0900,765.8400,3673221
2016-07-27,758.9700,764.4500,755.9300,761.9700,1608589
2016-07-26,757.5200,759.2600,752.7503,757.6500,1189573
2016-07-25,757.6800,759.8249,754.0700,757.5200,1073310
2016-07-22,757.3200,759.4500,752.6550,759.2800,1046024
2016-07-21,757.0000,758.1500,751.5200,754.4100,953053
2016-07-20,754.0500,760.6400,754.0500,757.0800,1125117
2016-07-19,749.8700,756.5900,748.4890,753.4100,1521795
2016-07-18,737.9100,755.1369,736.5100,753.2000,1934900
2016-07-15,741.0000,741.0000,734.6400,735.6300,1617087
2016-07-14,733.9400,736.1400,730.5900,735.8000,1070351
2016-07-13,735.5200,735.5200,729.0200,729.4800,1021827
2016-07-12,731.9200,735.6000,727.5000,732.5100,1328680
2016-07-11,719.4200,728.9289,718.8650,727.2000,1441113
2016-07-08,710.5600,717.9000,708.1100,717.7800,1497323
2016-07-07,710.1100,710.1700,700.6700,707.2600,1058698
2016-07-06,699.8400,713.0000,699.0000,708.9700,1445126
2016-07-05,705.0100,708.1200,699.1300,704.8900,1422028
2016-07-01,705.1000,712.5300,703.7300,710.2500,1549160
2016-06-30,697.6500,703.7700,694.9015,703.5300,2112513
2016-06-29,694.2600,699.5000,692.6834,695.1900,2156218
2016-06-28,691.3700,692.7399,684.8500,691.2600,1912280
2016-06-27,682.4900,683.3250,672.6600,681.1400,2919486
2016-06-24,690.1700,705.0000,684.9100,685.2000,4771780
2016-06-23,710.5500,714.8800,700.2500,714.8700,2125028
2016-06-22,714.0500,714.2100,705.8800,710.4700,1452884
2016-06-21,710.0500,715.3800,704.6600,708.8800,1515918
2016-06-20,710.3100,715.8700,705.4100,706.1300,2282725
2016-06-17,721.3900,721.3900,701.1200,704.2500,4113085
2016-06-16,727.9600,730.3900,715.5400,724.2500,2250083
2016-06-15,734.9200,737.1500,731.3100,732.1900,1161701
2016-06-14,729.3100,736.0000,726.5000,733.2500,1329176
2016-06-13,729.8200,739.0000,729.8200,731.8800,1167736
2016-06-10,735.9500,739.6400,730.5100,733.1900,1452456
2016-06-09,737.0700,743.9300,736.5000,742.5200,958963
2016-06-08,739.5000,743.8100,735.7650,742.9300,1615727
2016-06-07,733.2700,736.7100,730.8000,731.0900,1215741
2016-06-06,738.5000,738.5000,728.2900,730.0600,1499648
2016-06-03,741.4900,741.4900,733.9100,735.8600,1230376
2016-06-02,746.1000,747.3000,737.0000,744.2700,1695824
2016-06-01,748.4700,751.3700,744.3400,748.4600,1039847
2016-05-31,748.7600,753.4800,745.5700,748.8500,2124248
2016-05-27,737.5100,747.9100,737.0100,747.6000,1740130
2016-05-26,736.0000,741.1000,733.0000,736.9300,1360119
2016-05-25,735.0000,739.8900,732.6000,738.1000,1616624
2016-05-24,719.8500,734.2000,719.6450,733.0300,1894161
2016-05-23,719.9800,723.4999,716.9400,717.2500,1240826
2016-05-20,716.4600,727.7000,715.0100,721.7100,1739895
2016-05-19,718.3000,720.5000,710.3050,715.3100,1529910
2016-05-18,718.5000,725.5700,715.0200,721.7800,1626800
2016-05-17,731.0600,735.8500,718.0000,720.1900,1670176
2016-05-16,724.3200,732.6800,720.0000,730.3000,1126862
2016-05-13,726.6200,731.2900,723.5100,724.8300,1262161
2016-05-12,732.0000,735.3700,724.2700,728.0700,1354717
2016-05-11,740.5200,740.8000,727.9025,730.5500,1491746
2016-05-10,734.9600,740.0000,731.6100,739.3800,1631714
2016-05-09,726.7000,734.2900,723.5000,729.1300,1903689
2016-05-06,712.2000,725.9900,711.9500,725.1800,1997628
2016-05-05,715.0000,717.5500,709.4501,714.7100,1483357
2016-05-04,706.7700,715.0500,704.0500,711.3700,1708609
2016-05-03,712.5000,713.3700,707.3300,708.4400,1931040
2016-05-02,711.9200,715.4100,706.3600,714.4100,1673820
2016-04-29,704.1200,712.1100,703.7800,707.8800,2913898
2016-04-28,723.2900,729.2600,703.2000,705.0600,3129502
2016-04-27,725.3200,727.1500,709.0800,721.4600,3313137
2016-04-26,744.4200,745.5900,720.3200,725.3700,2793210
2016-04-25,735.3500,744.8800,735.1000,742.2100,2472061
2016-04-22,743.9100,753.9200,730.3700,737.7700,7039948
2016-04-21,777.3100,781.6799,771.5500,780.0000,3881420
2016-04-20,779.1600,779.6600,771.2700,774.9200,1713088
2016-04-19,790.5000,790.9500,770.2700,776.2500,2197615
2016-04-18,780.1900,788.5500,777.6100,787.6800,1677015
2016-04-15,775.5000,780.9300,774.9301,780.0000,1585584
2016-04-14,775.3600,779.6100,773.2200,775.3900,1349610
2016-04-13,770.3100,775.7500,764.5908,771.9100,1771308
2016-04-12,758.4300,764.9200,751.5650,764.3200,1369358
2016-04-11,765.4500,767.2200,757.3400,757.5400,1588692
2016-04-08,765.8700,767.1300,755.7700,759.4700,1171867
2016-04-07,765.3200,769.3600,757.5000,760.1200,1274852
2016-04-06,757.8400,768.4200,756.3000,768.0700,1265577
2016-04-05,758.1300,762.8700,755.6000,758.5700,1223905
2016-04-04,769.5100,772.4400,761.7850,765.1200,1346424
2016-04-01,757.1600,770.0400,755.2000,769.6700,1583698
2016-03-31,768.3400,769.0842,758.2500,762.9000,1627669
2016-03-30,768.2100,777.3100,767.5800,768.3400,2019755
2016-03-29,753.6800,767.1800,748.2900,765.8900,2003061
2016-03-28,756.1700,758.3000,752.0400,753.2800,1083823
2016-03-24,751.2000,757.5550,750.5000,754.8400,1555844
2016-03-23,763.3500,765.3900,756.0300,757.5600,1233854
2016-03-22,758.4400,765.0000,757.8750,760.0500,1104784
2016-03-21,753.9100,763.3400,751.2700,762.1600,1438658
2016-03-18,761.6300,762.1400,751.8200,755.4100,2811518
2016-03-17,757.6500,765.3400,757.3600,758.4800,2228244
2016-03-16,749.0500,759.0000,746.5000,757.3600,1465285
2016-03-15,746.0200,753.0100,742.8400,750.5700,1491578
2016-03-14,744.9700,754.2600,743.6625,750.2400,1641189
2016-03-11,739.9500,744.9000,736.7000,744.8700,1768995
2016-03-10,727.7900,736.5400,723.2900,732.1700,2230811
2016-03-09,715.1650,726.2400,712.6600,725.4100,1977169
2016-03-08,708.3900,722.2500,704.0000,713.5300,2521688
2016-03-07,725.1500,727.2100,705.1400,712.8000,3088278
2016-03-04,734.8000,735.0000,725.6200,730.2200,2425750
2016-03-03,739.4800,741.0000,729.6300,731.5900,2026700
2016-03-02,742.8700,743.1210,733.2500,739.4800,1814643
2016-03-01,721.3000,742.3300,718.6400,742.1700,3005553
2016-02-29,721.0000,730.6000,716.8400,717.2200,2253426
2016-02-26,733.6000,736.1600,721.9392,724.8600,2123690
2016-02-25,722.9300,729.5100,713.2300,729.1200,1807258
2016-02-24,710.6100,721.2200,702.0200,720.9000,1854612
2016-02-23,726.1000,730.9000,715.6700,717.2900,2066566
2016-02-22,729.5100,734.8450,723.4500,729.0500,1875824
2016-02-19,715.9000,724.0300,713.1200,722.1100,1745940
2016-02-18,733.9600,736.0000,715.5500,717.5100,2363846
2016-02-17,727.0000,733.7600,716.6100,731.9700,2457715
2016-02-16,718.6500,722.8789,710.1800,717.6400,2172213
2016-02-12,712.2100,716.0000,701.5800,706.8900,2326889
2016-02-11,696.3400,712.3150,691.1900,706.3600,3250206
2016-02-10,711.7900,723.2200,705.3900,706.8500,3015733
2016-02-09,692.9500,720.9600,688.5000,701.0200,4214950
2016-02-08,687.6800,704.5200,682.0100,704.1600,4470514
2016-02-05,725.5000,726.7200,700.1400,703.7600,5477821
2016-02-04,744.5900,745.2400,722.6001,730.0300,5246123
2016-02-03,786.2800,791.4300,736.2600,749.3800,6555731
2016-02-02,800.5000,810.3500,780.6000,780.9100,6792331
2016-02-01,771.2600,777.5900,761.3800,770.7700,5576089
2016-01-29,748.9600,765.1050,744.2000,761.3500,3790395
2016-01-28,738.1900,751.1600,730.6000,748.3000,3105222
2016-01-27,735.8900,735.8900,713.4500,717.5800,2121434
2016-01-26,735.2100,739.4600,726.9700,733.7900,1547049
2016-01-25,743.8400,752.4600,732.5010,733.6200,2267031
2016-01-22,742.0000,748.5600,740.5000,745.4600,2357315
2016-01-21,720.1700,737.6700,711.1100,726.6700,2596916
2016-01-20,705.9000,726.9500,687.7800,718.5600,4122010
2016-01-19,720.1500,725.3500,709.8500,719.0800,2436220
2016-01-15,709.9900,724.1580,701.5100,710.4900,3833751
2016-01-14,724.4400,739.8900,705.0000,731.3900,2777868
2016-01-13,749.3400,753.0000,716.7800,719.5700,2586395
2016-01-12,740.7500,748.3400,736.4300,745.3400,2340753
2016-01-11,731.9500,735.0800,719.5600,733.0700,2544806
2016-01-08,747.8000,750.1200,728.9201,730.9100,2375348
2016-01-07,746.4900,755.3100,735.2800,741.0000,3156563
2016-01-06,750.3700,765.7300,748.0000,759.3300,2410301
2016-01-05,764.1000,769.2000,755.6500,761.5300,2260795
2016-01-04,762.2000,762.2000,747.5400,759.4400,3369068
2015-12-31,787.8200,788.3300,777.3200,778.0100,1637561
2015-12-30,793.9600,796.4550,787.2000,790.3000,1428280
2015-12-29,786.9900,798.6900,786.2020,793.9600,1921480
2015-12-28,770.0000,782.8150,767.7300,782.2400,1557755
2015-12-24,768.5200,769.2000,764.3900,765.8400,521141
2015-12-23,770.6900,771.9000,757.6500,768.5100,1529742
2015-12-22,764.2700,770.3400,761.2000,767.1300,1816935
2015-12-21,763.0500,766.3500,754.1500,760.8000,1742368
2015-12-18,767.2300,774.1400,756.5900,756.8500,3389702
2015-12-17,781.1600,781.5900,769.3000,769.8300,1825538
2015-12-16,766.5700,781.5000,757.0450,776.5900,2656010
2015-12-15,767.7900,774.7500,758.0000,760.0900,2469319
2015-12-14,751.2600,764.1500,736.2600,762.5400,2708520
2015-12-11,749.0000,757.4400,748.6500,750.4200,2159164
2015-12-10,763.5900,766.0655,755.0000,760.0400,1622940
2015-12-09,771.1000,776.0926,752.0066,762.5500,2327471
2015-12-08,764.5000,778.6500,762.5200,775.1400,1554121
2015-12-07,780.0600,781.0000,766.7200,772.9900,1831287
2015-12-04,769.7100,782.4200,765.5100,779.2100,2489998
2015-12-03,780.5600,784.4800,762.4500,768.2000,2097494
2015-12-02,785.2500,793.0475,776.4300,777.8500,2343841
2015-12-01,766.9400,785.0000,765.9500,783.7900,2019864
2015-11-30,771.8700,775.0300,761.1200,762.8500,1679349
2015-11-27,769.1600,774.0000,767.0001,771.9700,722320
2015-11-25,771.6900,773.0000,766.5300,769.2600,1180643
2015-11-24,772.9600,775.9900,758.1100,769.6300,2394010
2015-11-23,777.4700,782.9000,773.5100,776.7000,1732400
2015-11-20,769.3000,779.3180,764.1000,777.0000,2773944
2015-11-19,759.7800,763.2300,757.2300,759.9400,1403913
2015-11-18,749.5700,761.1000,747.3900,760.0100,1813336
2015-11-17,752.4700,754.9500,744.0500,745.9800,1939934
2015-11-16,740.2100,751.7100,734.3300,750.4200,2535198
2015-11-13,754.0400,755.3300,739.4700,740.0700,2409363
2015-11-12,760.1800,765.7990,755.8600,756.5300,1772555
2015-11-11,762.3800,769.0800,759.7500,765.2500,2095922
2015-11-10,753.4800,760.6000,748.4100,758.2600,1489929
2015-11-09,758.5200,763.3000,749.1100,754.7700,1776861
2015-11-06,759.3900,763.0220,755.0300,761.6000,1677199
2015-11-05,758.8100,766.3500,757.4700,760.6700,2274314
2015-11-04,749.9000,759.9000,749.2000,755.3100,2091999
2015-11-03,745.4300,751.6980,741.1600,748.8200,1815300
2015-11-02,737.8800,748.1800,731.4500,747.7400,1995708
2015-10-30,745.5600,746.3100,736.5300,737.3900,1999161
2015-10-29,736.6300,746.7900,735.1600,744.8500,1825957
2015-10-28,733.0000,737.3700,727.2700,736.9200,1980154
2015-10-27,726.5700,735.9642,724.1350,732.8200,1938916
2015-10-26,720.0200,734.9500,720.0200,731.1200,2438847
2015-10-23,750.0600,752.5000,717.9400,719.3300,6336319
2015-10-22,675.4400,688.0499,671.7000,681.1400,4431595
2015-10-21,683.2100,684.9000,670.7000,671.8000,1608436
2015-10-20,697.8900,698.0000,673.6800,680.0000,2621719
2015-10-19,694.0000,700.2397,692.2100,699.9500,1508585
2015-10-16,695.4000,696.2200,689.1000,695.3200,1815759
2015-10-15,685.2500,694.1600,684.3900,693.0200,2357829
2015-10-14,683.7300,690.0400,678.9000,680.4100,1564582
2015-10-13,674.2600,688.4600,673.1080,683.1700,2122338
2015-10-12,669.1900,677.9800,667.2400,676.4300,1334225
2015-10-09,667.4900,674.0850,662.3600,671.2400,1606178
2015-10-08,669.4500,671.8900,654.4900,667.0000,1965397
2015-10-07,677.4000,678.7400,658.1100,670.0000,2217672
2015-10-06,669.3500,678.8000,663.0823,671.6400,2157409
2015-10-05,661.6000,673.0275,655.8700,671.6800,1898012
2015-10-02,638.0100,658.2555,633.5000,656.9900,2439435
2015-10-01,637.9400,643.8400,631.1150,642.0000,2125315
2015-09-30,631.8300,639.3100,629.1500,637.2000,2549938
2015-09-29,625.5000,634.6800,618.0300,622.6100,2106466
2015-09-28,639.0500,642.8500,617.8400,624.2500,2361393
2015-09-25,658.5800,658.5800,639.6550,640.1500,2423992
2015-09-24,648.9700,656.7699,642.1650,654.9100,1934639
2015-09-23,652.9000,660.2800,650.7301,653.2900,1457995
2015-09-22,657.4700,658.8200,645.0300,653.2000,2718081
2015-09-21,665.5100,669.0000,658.0000,666.9800,1954667
2015-09-18,665.0600,669.8400,660.0300,660.9200,3627210
2015-09-17,667.4900,681.9900,665.0000,671.6700,2387605
2015-09-16,665.5500,668.0699,662.2000,665.5200,1312598
2015-09-15,656.7100,668.8500,653.3400,665.0700,1777320
2015-09-14,655.6300,655.9200,649.5010,652.4700,1497627
2015-09-11,650.2100,655.3100,647.4100,655.3000,1744615
2015-09-10,643.9000,654.9000,641.7000,651.0800,1392481
2015-09-09,651.8800,657.3600,640.9000,643.4100,2048908
2015-09-08,641.0000,645.0400,632.9000,643.8800,1954648
2015-09-04,629.7000,634.5000,626.5000,628.9600,2024990
2015-09-03,647.9300,651.2500,633.8073,637.0500,1728562
2015-09-02,638.6400,645.0570,630.6400,644.9100,1881489
2015-09-01,633.6600,644.4400,625.0600,629.5600,2572884
2015-08-31,656.2600,664.4100,646.3500,647.8200,1946844
2015-08-28,665.1100,667.0000,653.7500,659.6900,1941833
2015-08-27,672.0000,673.9799,651.1000,667.9600,2948736
2015-08-26,643.1000,662.4800,630.3700,659.7400,4386985
2015-08-25,646.4675,647.0000,611.6700,612.4700,3571469
2015-08-24,600.6000,644.3300,593.0900,618.1100,6489430
2015-08-21,671.0400,672.8900,643.1040,644.0300,4593970
2015-08-20,689.1000,696.1600,675.2801,679.4800,2889877
2015-08-19,690.1100,700.2000,686.8000,694.0400,2509697
2015-08-18,691.0700,695.7568,685.3200,688.7300,1385544
2015-08-17,688.0400,694.7400,683.0600,694.1100,1233951
2015-08-14,684.0400,692.2600,682.9000,689.3700,1379855
2015-08-13,689.2000,694.0300,682.1800,686.5100,1817748
2015-08-12,694.4900,696.0000,680.5100,691.4700,2932328
2015-08-11,699.5800,704.0000,684.3200,690.3000,5494011
2015-08-10,667.0900,671.6200,660.2300,663.1400,1722915
2015-08-07,667.7800,668.7950,658.8700,664.3900,1377152
2015-08-06,673.9900,674.7500,660.7300,670.1500,2032984
2015-08-05,665.7500,679.9100,665.5827,673.2900,1812589
2015-08-04,664.3400,668.0000,660.5100,661.2800,1309410
2015-08-03,657.6600,666.6700,657.6600,664.7200,1567407
2015-07-31,664.7000,664.9999,657.2000,657.5000,1746094
2015-07-30,657.4400,668.0500,651.6900,664.5600,1980345
2015-07-29,662.2600,663.3300,652.8400,661.4300,1837805
2015-07-28,661.7600,664.1000,653.4100,659.6600,1718193
2015-07-27,651.5700,667.0700,651.5500,658.2700,2919110
2015-07-24,676.7700,677.7900,653.1800,654.7700,4131137
2015-07-23,691.8500,696.0700,671.5900,674.7300,3811598
2015-07-22,694.0200,713.3300,691.6200,695.1000,4154987
2015-07-21,684.8800,705.6000,684.1500,695.3500,3780230
2015-07-20,688.9800,697.8000,681.7700,692.8400,5121752
2015-07-17,680.0000,703.0000,678.0000,699.6200,12858136
2015-07-16,589.5000,604.5000,587.9200,601.7800,5632054
2015-07-15,583.7400,588.6900,580.2100,583.9600,2073330
2015-07-14,574.5000,589.7087,574.1700,584.1800,3741583
2015-07-13,559.5100,572.8500,558.7000,571.7300,2089641
2015-07-10,553.7100,559.2900,552.0000,556.1100,2171750
2015-07-09,548.6500,548.8800,544.6200,544.6500,1488324
2015-07-08,545.6000,548.2800,541.2000,541.7000,1383065
2015-07-07,547.4300,551.0000,539.8500,550.0300,1679759
2015-07-06,542.2500,548.5800,542.0950,545.6200,1280687
2015-07-02,544.7400,548.0000,543.5700,547.3400,1406213
2015-07-01,543.6600,545.8100,539.7600,543.3000,1537973
2015-06-30,545.0900,545.9000,539.5400,540.0400,1725464
2015-06-29,546.7500,550.9000,540.2400,541.2500,1887816
2015-06-26,559.7100,560.0000,551.8500,553.0600,2183753
2015-06-25,560.3000,563.1400,557.4550,557.9500,1335270
2015-06-24,562.4800,562.6400,556.8100,558.5700,1446156
2015-06-23,559.7900,564.9000,557.1500,563.3900,1569808
2015-06-22,559.4100,565.6100,558.9100,559.6800,1737569
2015-06-19,556.5200,557.9100,552.2580,557.5200,2964489
2015-06-18,548.0000,557.2500,548.0000,556.1800,2059603
2015-06-17,545.4200,548.3600,541.8100,546.6000,1222049
2015-06-16,544.4800,546.6900,541.5724,544.8700,1626349
2015-06-15,542.7300,544.0500,539.2100,543.0000,1357481
2015-06-12,547.1500,548.8500,545.6300,547.4700,1273383
2015-06-11,554.4900,554.8300,549.1700,550.0400,1293560
2015-06-10,545.7000,554.7800,545.1100,552.6000,1515805
2015-06-09,543.4200,544.8400,538.8506,542.1600,1500846
2015-06-08,549.6100,549.8700,542.9500,543.4800,1366816
2015-06-05,552.0000,553.3300,547.3840,549.5300,1219841
2015-06-04,552.1800,555.9600,549.1200,551.6900,1343317
2015-06-03,555.1000,557.9900,552.1500,555.2900,1335479
2015-06-02,547.4300,558.7900,546.5500,553.9500,1592828
2015-06-01,548.7300,550.5700,543.5800,549.2100,1660500
2015-05-29,553.2000,553.9400,545.0400,545.3200,2172282
2015-05-28,553.7900,555.7600,550.8000,554.1800,1177318
2015-05-27,548.6800,555.2900,546.5813,554.2500,1742237
2015-05-26,552.5800,553.3305,542.9700,547.1900,1873709
2015-05-22,554.4600,558.2400,553.6200,554.5200,1213288
2015-05-21,550.2000,557.6100,549.3010,556.8100,1708512
2015-05-20,550.9200,556.0650,545.1000,552.5100,1541962
2015-05-19,548.0000,553.4000,547.1200,549.2800,2356274
2015-05-18,543.8200,548.3400,542.2500,546.6700,1335256
2015-05-15,550.3900,550.6000,542.5000,546.4900,1671977
2015-05-14,543.9700,549.6900,542.5000,549.2000,1586833
2015-05-13,540.4700,543.8400,538.9800,539.4900,1211920
2015-05-12,542.8100,542.9610,535.0000,538.7300,1764123
2015-05-11,548.4900,553.3699,545.6000,545.7800,1092923
2015-05-08,548.8700,552.8000,548.0300,548.9500,1411264
2015-05-07,535.9000,545.2000,533.4500,542.0400,1592220
2015-05-06,542.6400,543.9300,532.2350,535.0800,1951728
2015-05-05,550.1600,552.6100,542.3700,543.0450,1426417
2015-05-04,550.9900,556.6900,547.3900,552.8400,1762952
2015-05-01,550.5100,551.2200,543.8500,551.1600,1828566
2015-04-30,558.5600,561.1100,546.7200,548.7700,2362024
2015-04-29,560.5100,565.8400,559.0000,561.3900,1681064
2015-04-28,564.3200,567.8300,560.9600,564.3700,1859787
2015-04-27,572.7700,575.5200,562.3000,566.1200,2403105
2015-04-24,580.0500,584.7000,568.3500,573.6600,4608403
2015-04-23,550.4100,561.1700,550.0800,557.4600,3909155
2015-04-22,543.0600,551.0000,541.3200,549.1800,1590320
2015-04-21,546.3100,547.7745,542.2100,542.9250,1456387
2015-04-20,533.7500,545.8000,533.3500,544.5300,1926064
2015-04-17,537.3100,539.8000,529.0000,532.7400,2461698
2015-04-16,538.3500,545.2290,538.1000,543.5200,1586088
2015-04-15,537.9600,543.1900,532.3700,541.0400,2348087
2015-04-14,546.5700,546.5700,535.7400,539.7800,2360329
2015-04-13,547.0500,553.2700,546.3000,548.6400,1466277
2015-04-10,549.5700,549.8500,544.9800,548.5400,1305219
2015-04-09,549.2100,549.3700,541.9510,548.0200,1618299
2015-04-08,546.0000,551.5000,546.0000,548.8400,1419316
2015-04-07,544.9900,550.1600,543.5850,544.8600,1365916
2015-04-06,538.8400,545.5400,535.7000,543.9500,1685894
2015-04-02,547.4100,548.0000,540.4400,541.3100,2388019
2015-04-01,554.8300,558.5000,546.0300,549.4900,1945090
2015-03-31,557.9400,562.4500,554.6700,554.7000,1746622
2015-03-30,560.2500,562.1600,556.7900,561.1350,1239350
2015-03-27,561.8300,564.0660,556.9300,557.5500,1727629
2015-03-26,564.6500,567.1900,558.3100,563.6400,2492141
2015-03-25,577.5700,580.0700,567.0000,567.0000,2653451
2015-03-24,568.5400,581.8800,568.0900,577.5400,3957844
2015-03-23,566.0000,569.6399,563.0600,565.3700,1511686
2015-03-20,566.7100,567.1000,564.4800,564.9500,2216038
2015-03-19,564.5200,566.9600,562.1200,563.6700,1232969
2015-03-18,557.7300,566.5100,553.5000,566.1600,1766221
2015-03-17,558.2900,560.6400,554.4100,557.6100,1444560
2015-03-16,556.9300,563.7500,551.3200,561.6400,1842754
2015-03-13,559.2300,564.3600,550.3300,553.0000,1771354
2015-03-12,558.4800,561.8400,555.5300,561.1700,1780057
2015-03-11,559.8000,564.1800,555.4100,555.6900,2026158
2015-03-10,568.4750,569.7620,559.8200,559.8500,2004024
2015-03-09,570.9200,575.4500,569.0500,574.1000,1174244
2015-03-06,582.0000,582.7800,572.0600,572.9000,1879619
2015-03-05,579.6200,583.2000,578.2300,581.4350,1795889
2015-03-04,576.9700,581.6300,572.5200,578.3300,1898150
2015-03-03,576.3500,580.8500,570.5000,578.7950,2526280
2015-03-02,567.0000,575.9900,563.1500,575.0200,2520304
2015-02-27,558.1500,569.4200,557.0300,562.6300,3416445
2015-02-26,545.7400,560.1299,545.0900,559.2900,2701584
2015-02-25,538.4400,549.5700,538.0100,547.3300,2041827
2015-02-24,531.5500,539.4000,531.0000,538.6500,1421373
2015-02-23,539.0000,539.3000,532.0000,535.0000,1645276
2015-02-20,547.5800,547.5800,538.1000,541.8000,1911732
2015-02-19,542.4700,546.8600,540.7500,546.4500,1541669
2015-02-18,543.8200,547.5500,539.5500,542.6500,1558153
2015-02-17,551.1600,553.0000,543.2600,545.0100,1958679
2015-02-13,547.5100,552.5400,546.6000,551.1600,2369115
2015-02-12,539.6600,548.3400,537.0000,546.0100,2429520
2015-02-11,539.7300,541.9500,536.0000,538.0000,1915336
2015-02-10,532.1500,541.0000,529.1725,540.1600,2371468
2015-02-09,531.0600,533.8800,527.5500,529.2800,1515687
2015-02-06,531.0100,540.2150,528.6500,533.8750,2146922
2015-02-05,527.9300,530.6900,525.6400,529.8300,1658751
2015-02-04,533.1400,536.7460,525.0300,526.1000,1694832
2015-02-03,529.9400,537.4500,526.8100,533.3000,2353096
2015-02-02,534.3200,536.5000,521.7200,532.2000,3768861
2015-01-30,519.0000,543.1000,518.1800,537.5500,6055445
2015-01-29,512.9000,515.1900,503.4800,513.2300,3950857
2015-01-28,525.0000,525.6900,512.3500,512.4300,1791077
2015-01-27,531.4000,532.7800,520.8612,521.1900,1957440
2015-01-26,541.5000,541.5000,532.0700,536.7200,1546563
2015-01-23,538.0300,545.4100,535.7508,541.9500,2298290
2015-01-22,523.0000,538.8400,521.9100,537.3000,2803401
2015-01-21,510.8400,521.8510,509.5900,520.3900,2317789
2015-01-20,512.7700,515.6100,509.3700,509.9400,2343612
2015-01-16,503.1500,510.8500,503.0900,510.4550,2482858
2015-01-15,508.8900,509.7500,502.0100,504.0100,2556682
2015-01-14,500.4200,508.2600,498.1600,505.9300,2639959
2015-01-13,502.5700,508.6000,497.2600,501.8000,3050295
2015-01-12,499.2400,500.2800,490.9100,497.0600,2856938
2015-01-09,508.1800,508.6000,498.6500,500.7200,2065403
2015-01-08,501.5100,507.5000,495.0200,506.9100,3662224
2015-01-07,510.9500,511.4900,503.6500,505.1500,2345875
2015-01-06,520.5000,521.2100,505.5500,506.6400,2731813
2015-01-05,527.1500,527.9899,517.7500,519.4600,2059119
2015-01-02,532.6000,535.8000,527.8800,529.5500,1327870
2014-12-31,537.7400,538.4000,530.2000,530.6600,1236445
2014-12-30,534.9600,537.8400,533.6100,535.2800,1048631
2014-12-29,540.5000,543.9300,537.1600,537.3100,2218632
2014-12-26,536.9300,543.2500,535.4900,541.5200,1113464
2014-12-24,538.8200,540.2900,535.1000,536.9300,737848
2014-12-23,534.5100,542.3000,533.7200,538.7700,2877222
2014-12-22,520.6100,532.9700,520.5900,532.3000,3319461
2014-12-19,516.9900,520.8100,508.8600,520.0400,4872059
2014-12-18,515.9900,516.2500,506.5600,514.6200,3876732
2014-12-17,499.8600,509.0700,499.1100,506.4500,3639437
2014-12-16,513.6000,515.5800,497.1900,498.1600,4349882
2014-12-15,523.7600,525.3700,515.3970,515.8400,2621977
2014-12-12,527.4400,532.2400,521.4600,521.5100,2371543
2014-12-11,530.0100,537.0400,529.1600,532.1100,2073290
2014-12-10,535.9000,539.3600,527.4900,528.0400,2316204
2014-12-09,525.8750,536.6500,523.4100,536.1100,2168813
2014-12-08,529.2200,533.8150,527.0000,530.7300,3231818
2014-12-05,536.7000,538.2000,527.2600,528.0800,3070118
2014-12-04,537.6400,542.6900,534.8900,542.5800,1633688
2014-12-03,537.5000,541.4050,535.2100,536.9700,1623977
2014-12-02,539.4500,541.8500,534.6570,538.5900,2073974
2014-12-01,545.0900,548.7900,538.6200,539.6500,1994399
2014-11-28,547.0000,549.6000,544.4801,549.0800,1210061
2014-11-26,549.2300,549.8800,545.2300,547.7300,1480294
2014-11-25,547.2100,552.5000,546.9100,549.2300,1903589
2014-11-24,546.5700,551.1900,544.1500,547.4800,1653773
2014-11-21,551.0400,551.0400,545.0000,545.8900,2505988
2014-11-20,542.0900,545.3800,541.5000,543.7600,1750758
2014-11-19,544.7500,548.2200,539.1900,547.2000,1517286
2014-11-18,547.9300,552.7900,543.8000,544.5100,1822166
2014-11-17,555.1900,555.1900,544.4400,546.6400,1680621
2014-11-14,558.0000,558.0000,552.5100,555.1900,1425060
2014-11-13,560.8100,560.8199,554.0900,556.4400,1510989
2014-11-12,561.1500,561.2500,555.5000,558.2500,1094114
2014-11-11,558.5200,562.5000,556.2419,561.2900,1100179
2014-11-10,552.4000,560.6300,551.6200,558.2300,1304481
2014-11-07,555.6000,555.6000,549.3500,551.8200,1589131
2014-11-06,555.5000,556.7990,550.5800,551.6900,1650721
2014-11-05,566.7900,566.9000,554.1500,555.9500,1645264
2014-11-04,561.1600,564.7900,558.3000,564.1900,1386509
2014-11-03,563.5300,567.1500,561.6300,563.7700,1544338
2014-10-31,568.3000,568.7300,564.8100,567.8700,2341539
2014-10-30,558.2500,562.5000,552.1300,560.2700,1612469
2014-10-29,560.8500,564.9700,555.9800,558.4500,2053355
2014-10-28,551.7100,559.2000,550.4300,558.9400,1739666
2014-10-27,547.7600,554.0000,547.2000,549.8800,1598409
2014-10-24,554.9800,555.0000,545.1600,548.9000,2175767
2014-10-23,548.2800,557.4000,545.5000,553.6500,2153678
2014-10-22,541.0500,550.7600,540.2300,542.6900,2974550
2014-10-21,537.2700,538.7700,530.2000,538.0300,2460140
2014-10-20,520.4500,533.1600,519.1400,532.3800,2749830
2014-10-17,540.4500,543.4500,518.4100,522.9700,5998740
2014-10-16,527.0000,540.9900,524.9500,536.9200,3805046
2014-10-15,542.0800,543.9150,528.4220,540.7300,3836222
2014-10-14,550.1400,558.6300,544.5000,548.6900,2610033
2014-10-13,555.1300,560.8750,544.4300,544.7500,2756508
2014-10-10,567.4700,575.2300,555.0100,555.1900,2979673
2014-10-09,581.6100,582.5300,569.0300,570.8100,2413453
2014-10-08,574.7900,584.6900,567.6400,583.7400,2210360
2014-10-07,584.9000,585.8500,574.1000,574.1000,1546228
2014-10-06,589.9500,592.4000,585.4000,587.7800,1286130
2014-10-03,584.1000,588.2900,583.5000,586.2500,1214593
2014-10-02,578.0000,583.2400,574.0500,580.8800,1536935
2014-10-01,586.8000,588.7200,578.0200,579.6300,1449686
2014-09-30,587.4900,591.0000,584.5000,588.4100,1571688
2014-09-29,581.8300,589.3100,581.5700,587.8100,1144982
2014-09-26,585.9300,589.5739,585.0000,587.9000,1289090
2014-09-25,596.9900,598.0700,584.7400,585.2500,1663317
2014-09-24,591.5700,600.1100,590.3000,598.4200,1754676
2014-09-23,595.0000,596.6500,590.2400,591.1800,1398949
2014-09-22,602.5000,603.8000,593.1200,597.2700,1785101
2014-09-19,599.4900,605.4000,597.7600,605.4000,4191600
2014-09-18,595.0500,597.5600,593.0200,597.2700,1494500
2014-09-17,589.5100,596.0700,587.1200,593.2900,1719500
2014-09-16,580.9500,590.1500,580.9500,588.7800,1579600
2014-09-15,582.2400,583.9200,577.0100,581.6400,1545400
2014-09-12,590.3900,591.4800,583.2800,584.9000,1851500
2014-09-11,590.0000,591.9450,586.0400,591.1100,1501400
2014-09-10,591.7400,593.7200,587.1400,593.4200,1160100
2014-09-09,600.2700,600.6000,590.4800,591.9700,1571200
2014-09-08,599.1400,603.5200,598.0231,601.6300,1599200
2014-09-05,595.1300,598.5000,593.5500,597.7800,1799100
2014-09-04,592.1300,598.0000,590.6000,593.1400,1630800
2014-09-03,591.7300,594.4900,586.5000,589.5200,1579000
2014-09-02,582.9500,589.3000,582.4000,588.6300,1583000
2014-08-29,582.3500,582.8999,578.2400,582.3600,1206100
2014-08-28,580.0200,584.7100,577.8800,580.3200,1405800
2014-08-27,587.8100,589.3700,580.9000,583.0000,1364600
2014-08-26,592.0000,592.0500,587.4500,588.1200,1471700
2014-08-25,594.7700,595.5800,589.2600,590.5700,1295600
2014-08-22,593.2700,594.9900,589.8000,592.5400,877200
2014-08-21,594.9000,595.2500,591.1010,592.4200,1132000
2014-08-20,596.9500,596.9900,593.0010,595.4100,967300
2014-08-19,595.5900,597.8100,594.4400,597.1100,1043200
2014-08-18,587.1000,595.0500,586.5500,592.7000,1466000
2014-08-15,587.5000,589.4700,580.7600,583.7100,1723400
2014-08-14,586.6900,587.8000,580.9200,584.6500,1272900
2014-08-13,576.4500,586.1250,575.2000,584.5600,1899400
2014-08-12,575.0000,575.9000,569.9100,572.1200,1394500
2014-08-11,579.0000,579.6900,575.2980,577.2500,1171300
2014-08-08,572.0200,579.5639,569.0200,577.9400,1493300
2014-08-07,576.0500,578.3100,569.4300,571.8100,1163000
2014-08-06,569.5000,578.6440,567.4500,574.4900,1322800
2014-08-05,579.3800,580.2000,570.3100,573.1400,1643800
2014-08-04,576.5100,583.8200,572.2600,582.2700,1519400
2014-08-01,578.5550,583.4300,570.3000,573.6000,2213300
2014-07-31,588.9600,591.9899,577.6800,579.5500,2309500
2014-07-30,595.8100,598.4500,592.7000,595.4400,1215100
2014-07-29,597.7000,598.4900,592.1700,593.9500,1366600
2014-07-28,597.7500,601.0980,592.5900,599.0200,1358100
2014-07-25,599.2500,601.0000,595.7500,598.0800,1360000
2014-07-24,605.5300,608.9100,601.0000,603.0100,1355000
2014-07-23,602.0500,607.0500,601.3500,605.1900,1106000
2014-07-22,599.7000,608.8900,599.2576,603.5700,1881600
2014-07-21,601.3500,604.1600,594.4500,598.4400,2237900
2014-07-18,603.0100,606.7000,590.9200,605.1100,4871600
2014-07-17,588.9700,589.5000,576.8500,580.8200,2935300
2014-07-16,596.8900,597.0000,590.2500,590.6200,1440800
2014-07-15,595.1500,595.2999,585.3100,593.0600,1673800
2014-07-14,590.6000,594.8600,586.6930,594.2600,1951600
2014-07-11,581.0000,588.2300,580.5750,586.6500,1511600
2014-07-10,573.0000,585.2500,572.1001,580.0400,1436200
2014-07-09,578.9500,584.1000,577.0000,583.3600,1372800
2014-07-08,586.3650,587.9700,574.0000,578.4000,2125200
2014-07-07,593.5100,595.6450,587.9400,590.7600,1336700
2014-07-03,591.7000,594.2500,589.0000,593.0800,898900
2014-07-02,592.2600,594.1500,589.1100,590.7800,1195800
2014-07-01,587.6500,593.6600,586.2900,591.4900,1643200
2014-06-30,586.7600,587.7100,583.2900,584.6700,1478900
2014-06-27,585.4500,587.8800,582.6200,585.6900,2021300
2014-06-26,589.3000,589.6000,579.6000,584.7700,2002300
2014-06-25,573.5500,587.3000,573.2600,585.9300,2114700
2014-06-24,574.2200,582.2500,569.1600,572.5400,2844300
2014-06-23,564.3500,574.4400,563.5000,574.2900,1722800
2014-06-20,566.4500,566.7700,559.3700,566.5200,3160600
2014-06-19,561.1500,565.0000,556.6679,564.9900,2627400
2014-06-18,552.8000,561.4000,551.5800,560.6600,2060600
2014-06-17,552.3600,553.7400,547.4700,550.6150,1477600
2014-06-16,557.2500,557.9900,550.0000,552.3000,1938500
2014-06-13,560.0800,560.6500,553.7200,560.3500,1353300
2014-06-12,567.0000,567.0000,557.1500,559.5000,1546500
2014-06-11,565.9200,568.9700,563.6800,567.5000,1129000
2014-06-10,568.7800,572.0000,566.1300,568.3000,1483800
2014-06-09,566.7500,572.0000,565.2200,570.7300,1529700
2014-06-06,568.1600,568.7999,559.5800,566.0300,1740200
2014-06-05,557.1100,565.0000,555.0500,564.9300,1793400
2014-06-04,551.5200,558.5800,548.5600,553.7600,1729100
2014-06-03,560.9000,562.4000,552.5275,554.5100,2031300
2014-06-02,569.7500,570.4100,556.7000,564.3400,1660500
2014-05-30,571.6400,572.5800,565.7900,571.6500,1871700
2014-05-29,573.3900,573.4800,568.4525,570.5600,1411100
2014-05-28,574.5700,577.6600,569.9520,570.4500,1581600
2014-05-27,567.7800,574.8700,564.1500,574.8700,2185800
2014-05-23,558.1300,565.0000,554.1700,563.8000,2672500
2014-05-22,552.2000,557.9600,551.0000,555.4500,2149700
2014-05-21,542.9000,549.7500,542.1100,549.7000,1564700
2014-05-20,540.0000,546.3500,536.5700,540.3900,2425300
2014-05-19,528.8800,539.3500,525.6600,538.8300,1976500
2014-05-16,529.6000,530.8400,523.5700,528.3000,1907700
2014-05-15,533.1400,533.9999,525.3100,529.1200,1832900
2014-05-14,541.8200,541.8200,533.1100,534.4100,1280900
2014-05-13,539.5800,543.9900,537.9000,541.5400,2012000
2014-05-12,531.8400,538.7500,527.5100,538.4300,1948400
2014-05-09,518.6500,527.3500,514.2800,526.6200,2261200
2014-05-08,515.7200,527.3500,514.4600,520.1700,2452000
2014-05-07,523.2500,524.4300,511.0900,518.0000,3074300
2014-05-06,533.4100,534.5480,522.2601,522.5700,1835000
2014-05-05,530.2400,535.7200,527.5800,535.3300,1228400
2014-05-02,541.4400,542.4000,533.2700,533.8700,1780800
2014-05-01,534.2500,539.9100,532.8600,538.5300,2004300
2014-04-30,535.1200,536.3400,529.0900,534.8800,2038500
2014-04-29,523.8900,537.7600,523.0000,536.3300,2535200
2014-04-28,525.8000,525.9000,511.0000,522.9800,3752800
2014-04-25,532.2600,533.8600,522.5000,523.1000,2370000
2014-04-24,541.6900,542.5000,531.0000,534.4400,2067400
2014-04-23,543.6700,544.8000,528.1277,537.5100,1955700
2014-04-22,536.0000,547.9950,536.0000,545.5000,2331100
2014-04-21,544.0000,544.0000,534.0000,539.3700,2425100
2014-04-17,556.3200,557.0000,539.4000,543.3400,5614700
2014-04-16,557.7000,564.0000,553.1000,563.9000,4582200
2014-04-15,551.0000,552.8900,530.6400,548.7000,3997800
2014-04-14,543.6600,553.0200,540.5200,545.2000,2541200
2014-04-11,537.9400,547.5900,533.4000,537.7600,3174700
2014-04-10,568.0000,568.2100,545.5000,546.6900,3294500
2014-04-09,565.8400,567.8000,555.3800,567.0400,3031600
2014-04-08,545.0500,559.8800,544.7000,557.5100,3482500
2014-04-07,544.7900,549.8500,530.5300,540.6300,3961600
2014-04-04,578.5500,579.7173,544.4940,545.2500,5363700
2014-04-03,573.3900,588.3000,566.0100,571.5000,4018300
2014-04-02,1141.9000,1144.8000,1124.0000,1135.1000,4168000
2014-04-01,1120.2700,1137.5000,1118.0000,1134.8900,2181000
2014-03-31,1130.4000,1135.0000,1112.8500,1114.5100,3880700
2014-03-28,1119.0000,1133.1900,1117.7700,1120.1500,4513200
2014-03-27,1130.8500,1131.9400,1102.1000,1114.2800,7636700
2014-03-26,1162.0100,1171.5700,1131.5000,1131.9700,5154800
2014-03-25,1166.0000,1169.8400,1147.0000,1158.7200,4815500
2014-03-24,1184.1900,1184.9000,1145.9500,1157.9300,6068100
2014-03-21,1206.3100,1209.6300,1182.4500,1183.0400,6410500
2014-03-20,1199.9500,1209.6100,1195.3600,1197.1600,3366000
2014-03-19,1211.8000,1211.9900,1194.4100,1199.2500,3222500
2014-03-18,1194.6700,1211.5300,1193.0600,1211.2600,3626300
2014-03-17,1179.2500,1197.0700,1178.1100,1192.1000,4319800
2014-03-14,1181.9900,1190.8700,1172.5300,1172.8000,4583200
2014-03-13,1207.9500,1210.5000,1184.7600,1189.0600,4686500
2014-03-12,1196.4000,1207.8500,1184.1900,1207.3000,3924600
2014-03-11,1213.7700,1214.3200,1196.6400,1199.9900,3422500
2014-03-10,1215.6900,1217.6400,1204.0900,1211.5700,2426700
2014-03-07,1226.8000,1226.9900,1211.4400,1214.7900,3027100
2014-03-06,1222.2800,1226.1400,1218.6000,1219.6100,2533600
2014-03-05,1215.0500,1223.0800,1211.4100,1218.2600,2468100
2014-03-04,1215.0000,1216.0000,1209.5000,1214.9100,2932400
2014-03-03,1206.7500,1207.8400,1192.1400,1202.6900,4205300
2014-02-28,1220.3400,1224.1900,1206.2200,1215.6500,4622500
2014-02-27,1218.3900,1224.2400,1217.0100,1219.2100,2517400
2014-02-26,1224.0000,1228.8800,1213.7600,1220.1700,3960400
2014-02-25,1215.9400,1224.5000,1210.4200,1220.0000,2874500
2014-02-24,1205.3600,1220.1600,1205.1000,1212.5100,3345200
2014-02-21,1207.8100,1209.8700,1202.8400,1203.7900,3720800
2014-02-20,1203.1400,1206.8800,1200.2200,1204.1100,3398100
2014-02-19,1205.3000,1209.2200,1197.5000,1202.3400,4202900
2014-02-18,1201.4100,1212.8700,1200.0000,1210.8800,4213500
2014-02-14,1195.6100,1204.3900,1192.8000,1202.8000,4369000
2014-02-13,1180.7500,1199.9000,1179.6600,1199.9000,3669100
2014-02-12,1189.0000,1190.0000,1181.3800,1186.6900,3445500
2014-02-11,1180.1700,1191.8700,1172.2100,1190.1800,4097400
2014-02-10,1171.8000,1182.4000,1169.0200,1172.9300,3886500
2014-02-07,1167.6300,1177.9000,1160.5600,1177.4400,5267100
2014-02-06,1151.1300,1160.1600,1147.5500,1159.9600,3889300
2014-02-05,1143.3800,1150.7700,1128.0200,1143.2000,4784200
2014-02-04,1137.9900,1155.0000,1137.0100,1138.1600,5618100
2014-02-03,1179.2000,1181.7200,1132.0000,1133.4300,9129000
2014-01-31,1171.3500,1186.5400,1151.1300,1180.9700,11121400
2014-01-30,1145.0000,1152.4900,1127.2500,1135.3900,10172600
2014-01-29,1119.1200,1121.7500,1099.4200,1106.9200,4755000
2014-01-28,1110.3200,1125.7500,1109.9400,1123.0100,4415900
2014-01-27,1126.1000,1126.5000,1082.2700,1101.2300,8698400
2014-01-24,1151.0100,1153.5400,1123.0000,1123.8300,7777200
2014-01-23,1160.0000,1162.4900,1154.3700,1160.1000,3894300
2014-01-22,1166.6100,1167.8900,1158.8600,1165.0200,3139600
2014-01-21,1160.9300,1164.0000,1151.3000,1163.7000,3955800
2014-01-17,1156.8500,1160.6300,1144.2000,1150.5300,5397100
2014-01-16,1149.1000,1157.9300,1148.0000,1156.2200,3364400
2014-01-15,1152.9900,1155.0000,1143.7900,1148.6200,3896400
2014-01-14,1137.9500,1151.0000,1128.0900,1149.4000,4960200
2014-01-13,1126.4700,1146.9100,1117.1700,1122.9800,4832900
2014-01-10,1139.0800,1139.0800,1122.2500,1130.1800,4282700
2014-01-09,1143.4400,1144.2200,1125.5600,1130.2400,4164800
2014-01-08,1146.0000,1147.3200,1133.2900,1141.2300,4480500
2014-01-07,1125.0000,1139.6900,1121.1600,1138.8600,5100000
2014-01-06,1113.0100,1118.8600,1106.4400,1117.3200,3535000
2014-01-03,1115.0000,1116.9300,1104.9300,1105.0000,3330000
2014-01-02,1115.4600,1117.7500,1108.2600,1113.1200,3639100
2013-12-31,1112.2400,1121.0000,1106.2600,1120.7100,2713000
2013-12-30,1120.3400,1120.5000,1109.0200,1109.4600,2469700
2013-12-27,1120.0000,1120.2800,1112.9400,1118.4000,3136200
2013-12-26,1114.0100,1119.0000,1108.6900,1117.4600,2672900
2013-12-24,1114.9700,1115.2400,1108.1000,1111.8400,1466900
2013-12-23,1107.8400,1115.8000,1105.1200,1115.1000,3439700
2013-12-20,1088.3000,1101.1700,1088.0000,1100.6200,6516600
2013-12-19,1080.7700,1091.9900,1079.0800,1086.2200,3328000
2013-12-18,1071.8500,1084.9500,1059.0400,1084.7500,4416100
2013-12-17,1072.8200,1080.7600,1068.3800,1069.8600,3068300
2013-12-16,1064.0000,1074.6900,1062.0100,1072.9800,3200700
2013-12-13,1075.4000,1076.2900,1057.8800,1060.7900,4320400
2013-12-12,1079.5700,1082.9400,1069.0000,1069.9600,3189800
2013-12-11,1087.4000,1091.3200,1075.1700,1077.2900,3420100
2013-12-10,1076.1500,1092.3100,1075.6500,1084.6600,3704000
2013-12-09,1070.9900,1082.3100,1068.0200,1078.1400,2962200
2013-12-06,1069.7900,1070.0000,1060.0800,1069.8700,2854700
2013-12-05,1057.2000,1059.6600,1051.0900,1057.3400,2265100
2013-12-04,1051.3700,1063.9800,1050.0000,1058.1800,2380800
2013-12-03,1050.9500,1063.4400,1049.0200,1053.2600,3348800
2013-12-02,1063.5100,1066.3500,1050.7600,1054.4800,2743600
2013-11-29,1062.1600,1066.6200,1059.4500,1059.5900,2383200
2013-11-27,1062.0300,1068.0000,1060.0000,1063.1100,2244900
2013-11-26,1048.6000,1061.5000,1042.9400,1058.4100,4568000
2013-11-25,1037.1600,1053.1900,1035.0200,1045.9300,3222700
2013-11-22,1033.4200,1036.1700,1029.2200,1031.8900,2505800
2013-11-21,1027.0000,1038.3100,1026.0000,1034.0700,2181400
2013-11-20,1029.9500,1033.3600,1020.3600,1022.3100,1925400
2013-11-19,1031.7200,1034.7500,1023.0500,1025.2000,2260900
2013-11-18,1035.7500,1048.7400,1029.2400,1031.5500,3515800
2013-11-15,1034.8700,1038.0000,1030.3100,1033.5600,2550000
2013-11-14,1033.9200,1039.7500,1030.3500,1035.2300,2331000
2013-11-13,1006.7500,1032.8500,1006.5000,1032.4700,3155600
2013-11-12,1007.7000,1017.5600,1005.0000,1011.7800,2433700
2013-11-11,1009.5100,1015.9300,1008.0000,1010.5900,2222900
2013-11-08,1008.7500,1018.5000,1008.5000,1016.0300,2579000
2013-11-07,1022.6100,1023.9300,1007.6400,1007.9500,3355800
2013-11-06,1025.6000,1027.0000,1015.3700,1022.7500,1823900
2013-11-05,1020.3500,1031.6500,1017.4200,1021.5200,2360400
2013-11-04,1031.5000,1032.3700,1022.0300,1026.1100,2275300
2013-11-01,1031.7900,1036.0000,1025.1000,1027.0400,2564000
2013-10-31,1028.9300,1041.5200,1023.9700,1030.5800,3276700
2013-10-30,1037.4300,1037.5100,1026.0000,1030.4200,2645500
2013-10-29,1019.1000,1036.9400,1013.5000,1036.2400,3206700
2013-10-28,1015.2000,1023.4300,1012.9800,1015.0000,2315000
2013-10-25,1028.8200,1028.8200,1010.7400,1015.2000,4056900
2013-10-24,1031.8700,1040.5700,1024.8000,1025.5500,4180000
2013-10-23,1001.0000,1034.7500,1000.6300,1031.4100,5321000
2013-10-22,1005.0000,1013.0000,995.7910,1007.0000,4412700
2013-10-21,1011.4600,1019.0000,999.5500,1003.3000,7249300
2013-10-18,976.5800,1015.4600,974.0000,1011.4100,23109600
2013-10-17,892.9900,896.9000,885.7300,888.7940,8504600
2013-10-16,885.8700,898.3300,884.0100,898.0290,4011100
2013-10-15,875.7600,885.6300,874.0000,882.0100,3180600
2013-10-14,866.6600,876.2500,865.3900,876.1100,2484700
2013-10-11,866.0300,873.4800,865.3000,871.9900,2814900
2013-10-10,863.8400,868.8300,860.2100,868.2400,4506000
2013-10-09,856.2800,862.6500,842.9800,855.8600,5297200
2013-10-08,865.3200,865.9800,851.6300,853.6700,3883500
2013-10-07,867.4500,873.9900,864.1100,865.7400,2584600
2013-10-04,875.0000,877.5099,870.0000,872.3500,2713200
2013-10-03,888.0000,894.1000,872.1000,876.0900,4229700
2013-10-02,882.7300,889.3550,877.8200,887.9900,2987600
2013-10-01,880.2500,887.6700,880.0500,887.0040,3366200
2013-09-30,869.0800,880.8400,868.3100,875.9100,3441300
2013-09-27,874.8200,877.5200,871.3100,876.3900,2515000
2013-09-26,878.3000,882.7500,875.0000,878.1700,2517200
2013-09-25,886.5500,886.5500,875.6000,877.2300,3294700
2013-09-24,886.5000,890.1000,881.4000,886.8400,2970600
2013-09-23,896.1500,901.5900,885.2000,886.5000,3551200
2013-09-20,898.3900,904.1300,895.6200,903.1100,8681900
2013-09-19,905.9900,905.9900,895.4000,898.3900,3192600
2013-09-18,886.3500,903.9700,883.0701,903.3200,3865500
2013-09-17,887.4100,888.3950,881.0000,886.1100,2516200
2013-09-16,896.2000,897.0000,884.8700,887.7600,2670300
2013-09-13,894.5000,895.6800,884.8400,889.0680,2648100
2013-09-12,897.4000,897.9000,890.0100,893.0640,2188800
2013-09-11,888.5400,896.9700,886.0800,896.1900,3217900
2013-09-10,890.0200,892.0000,884.0001,888.6700,2572600
2013-09-09,883.7300,889.7500,882.4200,888.0540,2466700
2013-09-06,882.4400,883.7800,873.7400,879.5800,3120000
2013-09-05,873.5000,879.8800,871.6100,879.5600,2580000
2013-09-04,860.3500,873.5000,855.1700,871.6340,4078300
2013-09-03,854.3600,866.1900,853.9500,860.3800,4091100
2013-08-30,855.7600,858.0400,845.5600,846.9000,3719400
2013-08-29,849.0700,860.3800,848.5900,855.4300,2954000
2013-08-28,850.2500,855.4100,847.7700,848.5500,2657100
2013-08-27,859.6200,863.7300,847.9000,850.1500,3464700
2013-08-26,870.0000,874.9000,866.0500,866.3900,2102800
2013-08-23,877.8300,878.0000,869.7500,870.2100,2152000
2013-08-22,872.7000,874.7500,870.2500,873.7100,1738000
2013-08-21,870.6500,876.9090,866.5000,869.3300,3511000
2013-08-20,868.3500,872.1100,863.5400,865.4200,2463500
2013-08-19,857.7100,872.0000,857.4500,865.6500,3618100
2013-08-16,861.2800,862.4400,856.5400,856.9080,3346800
2013-08-15,864.4400,864.9200,858.0000,859.6600,3734600
2013-08-14,878.3700,880.2300,867.1600,869.8100,4160200
2013-08-13,886.8300,888.5000,876.2000,881.2500,2836700
2013-08-12,886.9000,887.0000,881.6500,885.5100,2751200
2013-08-09,890.5600,895.5200,890.0000,890.4100,2644700
2013-08-08,895.4900,895.8400,885.2950,892.6600,2973000
2013-08-07,895.0400,898.4500,889.0900,890.6500,2755600
2013-08-06,904.6900,909.7090,895.7300,896.5700,3009100
2013-08-05,905.3900,905.5250,899.2000,905.0000,2616700
2013-08-02,903.4400,907.0000,900.8200,906.5700,3424300
2013-08-01,895.0000,904.5500,895.0000,904.2200,4272500
2013-07-31,892.9900,896.5090,886.1800,887.7500,4342600
2013-07-30,885.4600,895.6100,880.8700,890.9200,3507600
2013-07-29,884.9000,894.8200,880.8900,882.2700,3780000
2013-07-26,886.9900,889.9900,882.0000,885.3500,3551800
2013-07-25,893.8700,896.8500,886.0800,887.7000,5996100
2013-07-24,907.2600,910.3000,900.7000,902.9000,4152800
2013-07-23,910.7000,913.0000,899.5700,903.8000,4087300
2013-07-22,902.0000,912.6700,897.0000,910.7000,5800500
2013-07-19,886.6100,902.9500,875.6100,896.5980,14703800
2013-07-18,918.9900,920.0000,903.1900,910.6800,7261700
2013-07-17,921.0000,926.8600,916.3000,918.5500,3009100
2013-07-16,927.1300,927.9700,913.9000,919.6080,3962000
2013-07-15,924.3000,928.0000,916.3600,924.6900,3917000
2013-07-12,920.0000,923.0000,915.2400,923.0000,5131200
2013-07-11,913.0000,920.8100,908.5200,920.2400,5163200
2013-07-10,903.4500,911.1350,900.3800,905.9900,3413300
2013-07-09,911.0000,912.9500,897.9800,905.2400,3954800
2013-07-08,899.2100,906.2700,897.0840,905.0900,3935000
2013-07-05,890.0100,895.4100,887.3400,893.4900,3400300
2013-07-03,880.0200,889.1700,878.5000,886.4300,2091900
2013-07-02,890.2000,891.0000,877.2700,882.3100,3779200
2013-07-01,886.4500,892.0800,885.0000,887.8800,3446100
2013-06-28,874.9000,881.8400,874.1910,880.3700,4693900
2013-06-27,878.8000,884.6900,876.6500,877.0700,3849100
2013-06-26,873.7500,878.0000,870.5701,873.6500,3659100
2013-06-25,877.2600,879.6800,864.5100,866.2000,5101200
2013-06-24,871.8800,876.3200,863.2500,869.7900,6027700
2013-06-21,888.3400,889.8800,873.0700,880.9300,7956600
2013-06-20,893.9900,901.0000,883.3100,884.7400,6737200
2013-06-19,901.3700,910.8400,897.5000,900.6800,5825900
2013-06-18,888.6500,901.0000,888.3500,900.6200,4329400
2013-06-17,879.2300,889.4300,878.2800,886.2500,4288300
2013-06-14,880.1000,884.7000,874.1300,875.0400,4485500
2013-06-13,868.9800,879.6600,865.5000,877.0000,4135600
2013-06-12,885.4600,886.0000,869.6500,871.9800,4405100
2013-06-11,883.9700,887.0000,879.5200,879.8100,3511600
2013-06-10,882.1000,891.0000,880.0901,890.2200,4670900
2013-06-07,870.4200,880.0000,865.3200,879.7300,5343800
2013-06-06,864.3000,866.3300,847.2200,864.6400,5153000
2013-06-05,862.5100,869.4500,857.1300,859.7000,4209300
2013-06-04,867.8500,870.5900,854.0700,859.1000,3733400
2013-06-03,873.0000,873.9699,855.0200,867.6300,4946400
2013-05-31,868.1200,877.0000,867.5200,871.2180,3934800
2013-05-30,869.9200,878.9000,866.4100,870.7600,4237100
2013-05-29,875.7100,877.9900,864.2900,868.3100,4022700
2013-05-28,883.5000,892.1400,880.4000,881.2700,4510400
2013-05-24,875.2600,878.8200,871.0100,873.3200,4589000
2013-05-23,877.0000,889.9600,874.0000,882.7900,4545600
2013-05-22,902.5600,909.3100,886.8800,889.4200,5116000
2013-05-21,908.0200,911.6600,897.6100,906.9700,3962000
2013-05-20,905.0000,920.6000,905.0000,908.5300,4540800
2013-05-17,910.0200,913.4890,900.5200,909.1800,5578400
2013-05-16,919.0000,919.9799,902.0100,903.8700,6412700
2013-05-15,895.5001,916.3800,894.0200,915.8900,7963800
2013-05-14,877.5000,888.6900,877.1400,887.1000,3155400
2013-05-13,878.8900,882.4699,873.3810,877.5300,2894100
2013-05-10,875.3100,880.5400,872.1600,880.2300,3791600
2013-05-09,870.8400,879.6600,868.2300,871.4800,4396700
2013-05-08,857.0000,873.8800,852.9100,873.6300,4931600
2013-05-07,863.0100,863.8699,850.6700,857.2300,3914000
2013-05-06,848.2600,861.8500,848.2600,861.5500,4278300
2013-05-03,836.9600,846.8000,836.0000,845.7200,5020100
2013-05-02,820.1000,834.5500,819.0500,829.6100,4032500
2013-05-01,823.2600,824.7200,816.3600,820.4300,2907000
2013-04-30,819.0000,827.6400,817.6800,824.5700,4608700
2013-04-29,803.2500,822.7000,803.0000,819.0600,4596900
2013-04-26,807.6000,807.7400,796.5800,801.4200,4970400
2013-04-25,816.2500,816.4700,807.6300,809.1000,3980400
2013-04-24,808.1100,818.0000,808.0000,813.4540,3654500
2013-04-23,801.0000,815.5000,800.3600,807.9000,4580000
2013-04-22,800.6000,803.9580,775.0000,800.1140,5761000
2013-04-19,769.1600,803.4400,766.2600,799.8700,11594700
2013-04-18,785.3500,785.8000,761.2601,765.9140,6638300
2013-04-17,786.7500,790.8450,778.1000,782.5600,4069900
2013-04-16,786.5900,796.0000,783.9200,793.3700,3480500
2013-04-15,785.9500,797.0000,777.0200,781.9300,4901200
2013-04-12,791.9900,792.1020,782.9300,790.0500,3270100
2013-04-11,792.8800,793.1000,784.0600,790.3900,4053300
2013-04-10,782.9200,792.3500,776.0000,790.1800,3953200
2013-04-09,775.5000,783.7500,773.1100,777.6500,4310200
2013-04-08,778.7500,779.5500,768.4000,774.8500,5658500
2013-04-05,786.0600,786.9900,776.4000,783.0500,6860900
2013-04-04,804.2500,805.7500,791.3000,795.0700,4890300
2013-04-03,813.4600,814.2000,800.6680,806.2020,3473500
2013-04-02,804.5400,814.8300,804.0000,813.0400,4078900
2013-04-01,795.0100,802.2500,793.2500,801.1900,3610900
2013-03-28,803.9900,805.3700,793.3000,794.1880,4571000
2013-03-27,806.6800,807.0000,801.3300,802.6600,4322000
2013-03-26,813.5000,813.9999,807.7900,812.4200,2381400
2013-03-25,812.4100,819.2300,806.8200,809.6400,3420500
2013-03-22,814.7400,815.2400,809.6400,810.3100,2973400
2013-03-21,811.2900,816.9173,809.8500,811.2600,2952200
2013-03-20,816.8300,817.5100,811.4400,814.7080,2924600
2013-03-19,811.2400,819.2500,806.4500,811.3200,4192200
2013-03-18,805.0000,812.7600,801.4700,807.7900,3672900
2013-03-15,818.5000,820.3000,813.3400,814.3020,6193200
2013-03-14,826.9900,826.9900,817.3900,821.5400,3299000
2013-03-13,827.9000,830.6900,822.3100,825.3100,3279300
2013-03-12,830.7100,831.8900,823.6700,827.6100,4012500
2013-03-11,831.6900,839.7000,831.5000,834.8200,3186200
2013-03-08,834.5000,834.9199,825.0500,831.5200,5817900
2013-03-07,834.0600,836.6200,829.5800,832.5960,4101200
2013-03-06,841.0250,844.0000,828.8100,831.3800,5740200
2013-03-05,828.9300,840.1499,828.9000,838.6040,8080100
2013-03-04,805.3000,822.8400,805.0000,821.5040,5545600
2013-03-01,797.8000,807.1400,796.1500,806.1900,4346400
2013-02-28,801.1000,806.9900,801.0300,801.2000,4527000
2013-02-27,794.8000,804.7500,791.1100,799.7800,4048100
2013-02-26,795.0000,795.9499,784.4000,790.1300,4400500
2013-02-25,802.3000,808.4100,790.4900,790.7700,4603100
2013-02-22,799.2600,801.2500,793.8000,799.7100,4103600
2013-02-21,798.0000,805.4500,791.2200,795.5300,7005700
2013-02-20,805.3000,808.9700,791.7940,792.4600,5522800
2013-02-19,795.9900,807.0000,795.2800,806.8500,5857700
2013-02-15,787.4000,793.2600,787.0700,792.8900,5454100
2013-02-14,779.7300,788.7400,777.7700,787.8200,3467100
2013-02-13,780.1300,785.3500,779.9700,782.8600,2394000
2013-02-12,781.7500,787.9000,779.3700,780.7000,3714200
2013-02-11,778.4000,783.0000,773.7500,782.4200,4331200
2013-02-08,780.1300,786.6700,779.5600,785.3700,6034100
2013-02-07,769.7000,778.8099,765.5000,773.9500,5674700
2013-02-06,759.0700,772.9600,758.5000,770.1700,4152000
2013-02-05,761.1300,771.1100,759.4650,765.7400,3737600
2013-02-04,767.6900,770.4740,758.2700,759.0200,6074900
2013-02-01,758.2000,776.6000,758.1000,775.6000,7484700
2013-01-31,750.5100,757.6200,750.2500,755.6900,3265100
2013-01-30,753.7400,760.9500,752.9100,753.8300,3462500
2013-01-29,746.7500,756.9500,746.5400,753.6800,3490700
2013-01-28,751.7600,755.6000,747.8900,750.7300,3250900
2013-01-25,750.7700,758.4800,750.2500,753.6700,4447300
2013-01-24,741.2400,756.8298,740.5090,753.8300,6758600
2013-01-23,735.9900,749.0000,735.7900,741.5000,11806300
2013-01-22,704.6600,705.3350,695.5200,702.8700,7577200
2013-01-18,709.4300,712.7700,701.3300,704.5100,6447100
2013-01-17,717.7100,719.6390,711.0200,711.3200,4418500
2013-01-16,722.4000,724.3400,713.6700,715.1900,4042700
2013-01-15,719.3300,735.0000,712.1000,724.9300,7847500
2013-01-14,737.0000,742.2000,722.3500,723.2500,5722000
2013-01-11,742.0000,742.4264,736.3000,739.9900,2567800
2013-01-10,742.8300,745.0000,733.5000,741.4800,3667700
2013-01-09,732.2700,738.3500,728.6000,738.1180,4045300
2013-01-08,735.5400,736.2999,724.4300,733.3000,3348800
2013-01-07,735.4500,739.3800,730.5800,734.7500,3308000
2013-01-04,729.3400,741.4700,727.6801,737.9700,5521400
2013-01-03,724.9300,731.9300,720.7200,723.6700,4631700
2013-01-02,719.4200,727.0000,716.5500,723.2500,5077500
2012-12-31,700.0000,710.5700,696.0000,707.3800,3990800
2012-12-28,701.6900,706.9100,700.0100,700.0100,2801100
2012-12-27,707.1400,708.8400,698.6100,706.2900,3291500
2012-12-26,708.0700,712.8800,702.4100,708.8700,2362400
2012-12-24,714.5100,715.1800,707.4700,709.5000,1680100
2012-12-21,713.9700,718.8190,710.5200,715.6300,7044900
2012-12-20,723.2600,724.6500,716.9715,722.3600,3310600
2012-12-19,720.7100,723.0000,716.6800,720.1100,3833300
2012-12-18,716.6000,729.1000,715.0500,721.0700,6003700
2012-12-17,705.5000,738.2800,704.0200,720.7800,6064700
2012-12-14,699.1700,707.8200,698.4300,701.9632,4255900
2012-12-13,715.9200,716.4750,699.5500,702.7000,6882900
2012-12-12,699.2300,703.5100,693.4800,697.5600,4847100
2012-12-11,690.0000,701.9200,687.7200,696.8800,5369800
2012-12-10,685.3900,691.6500,683.7900,685.4200,2730600
2012-12-07,695.0000,696.8800,682.4190,684.2100,3834700
2012-12-06,687.5900,695.6100,684.5100,691.1300,2921600
2012-12-05,692.1500,694.5000,682.3301,687.8200,3721000
2012-12-04,695.0000,695.5100,685.7000,691.0300,3979400
2012-12-03,702.2400,705.8900,694.1110,695.2500,4380600
2012-11-30,691.3100,699.2200,685.6900,698.3700,6320800
2012-11-29,687.7800,693.9000,682.0000,691.8900,5547400
2012-11-28,668.0100,684.9100,663.8900,683.6700,6077900
2012-11-27,660.1700,675.0000,658.0000,670.7100,5012300
2012-11-26,666.4400,667.0000,659.0200,661.1500,4404700
2012-11-23,669.9700,670.0000,666.1000,667.9700,1843100
2012-11-21,668.9900,669.8000,660.4000,665.8700,4220100
2012-11-20,669.5100,678.0000,664.5700,669.9700,4173200
2012-11-19,655.7000,668.9200,655.5300,668.2100,4731600
2012-11-16,645.9900,653.0150,636.0000,647.1800,6869500
2012-11-15,650.0000,660.0000,643.8960,647.2600,3694100
2012-11-14,660.6600,662.1800,650.5000,652.5500,3333400
2012-11-13,663.0000,667.6000,658.2300,659.0532,3185200
2012-11-12,663.7500,669.8000,660.8700,665.9000,2808900
2012-11-09,654.6500,668.3400,650.3000,663.0300,6221900
2012-11-08,670.2000,671.4900,651.2300,652.2900,5188800
2012-11-07,675.0000,678.2320,666.4900,667.1200,4460100
2012-11-06,685.4800,686.5000,677.5500,681.7200,3162400
2012-11-05,684.5000,686.8600,675.5600,682.9600,3268500
2012-11-02,694.7900,695.5500,687.3700,687.9180,4644100
2012-11-01,679.5000,690.9000,678.7200,687.5900,4096000
2012-10-31,679.8600,681.0000,675.0000,680.2976,3070900
2012-10-26,676.5000,683.0300,671.2000,675.1500,3897600
2012-10-25,680.0000,682.0000,673.5100,677.7600,4797300
2012-10-24,686.8000,687.0000,675.2700,677.3022,4988000
2012-10-23,672.0100,687.3300,672.0000,680.3500,5827300
2012-10-22,681.4500,684.6300,669.7000,678.6700,8103000
2012-10-19,705.5800,706.7000,672.0000,681.7900,22941400
2012-10-18,755.5400,759.4250,676.0000,695.0000,24859900
2012-10-17,743.9500,756.3400,740.2600,755.4900,4581200
2012-10-16,740.1300,746.9900,736.4601,744.7000,4112200
2012-10-15,741.9400,743.8300,730.7010,740.9800,6032100
2012-10-12,751.8500,754.8700,744.1000,744.7500,4803500
2012-10-11,752.9000,758.5000,750.2900,751.4800,4763000
2012-10-10,741.8600,747.5280,738.2900,744.5600,4075700
2012-10-09,759.6700,761.3190,742.5300,744.0900,6000300
2012-10-08,761.0000,763.5800,754.1500,757.8400,3913200
2012-10-05,770.7100,774.3800,765.0050,767.6500,5466300
2012-10-04,762.7500,769.8900,759.4000,768.0500,4903400
2012-10-03,755.7200,763.9200,752.2000,762.5000,4412100
2012-10-02,765.2000,765.9900,750.2700,756.9900,5574800
2012-10-01,759.0500,765.0000,756.2100,761.7800,6329600
2012-09-28,754.1500,759.3000,751.1500,754.5000,5561400
2012-09-27,759.9500,762.8400,751.6500,756.5000,7854300
2012-09-26,749.8500,761.2400,741.0000,753.4600,11334400
2012-09-25,753.0500,764.8900,747.6600,749.1600,12104800
2012-09-24,731.0000,750.0400,730.2500,749.3800,7120400
2012-09-21,732.2100,734.9200,730.1200,733.9900,12705400
2012-09-20,724.4700,731.3800,721.2200,728.1166,5808900
2012-09-19,717.5000,728.5600,716.4100,727.5000,6190400
2012-09-18,707.7800,718.6600,706.7800,718.2800,4129400
2012-09-17,708.1100,712.8800,705.0000,709.9800,3013500
2012-09-14,709.6000,713.0000,707.0100,709.6800,5231700
2012-09-13,693.0900,709.0000,690.5400,706.0400,5312600
2012-09-12,689.4100,694.9090,680.8800,690.8800,5279300
2012-09-11,697.9600,700.6500,691.0000,692.1900,3743800
2012-09-10,709.7600,712.8100,698.3900,700.7700,5114800
2012-09-07,700.0000,712.2500,697.6700,706.1500,6459500
2012-09-06,685.9600,699.8900,684.7302,699.4000,6080900
2012-09-05,680.0000,686.5000,679.1400,680.7200,3412900
2012-09-04,684.5500,685.0000,673.5000,681.0400,3775400
2012-08-31,684.0000,688.5800,680.0400,685.0900,4249900
2012-08-30,684.2400,687.3900,680.1800,681.6800,3250500
2012-08-29,677.3700,688.9900,676.1500,688.0100,5974600
2012-08-28,665.0000,677.6200,664.7400,677.2500,4113000
2012-08-27,662.9900,672.0000,659.2400,669.2200,5222100
2012-08-24,675.6000,680.4500,674.0800,678.6300,2850300
2012-08-23,674.2700,680.4800,671.0000,676.8000,3564800
2012-08-22,667.3800,680.6000,666.6980,677.1800,3814500
2012-08-21,673.1100,678.0000,662.1680,669.5100,4439900
2012-08-20,675.5000,678.8700,672.6600,675.5400,3512600
2012-08-17,674.1200,677.2500,671.7000,677.1400,4351000
2012-08-16,667.5100,674.6400,667.0800,672.8700,3431900
2012-08-15,670.2800,674.2500,664.1000,667.5400,4816500
2012-08-14,659.2500,672.8500,659.0000,668.6600,7316000
2012-08-13,647.4200,660.1500,646.6800,660.0100,6529200
2012-08-10,638.5900,642.2400,636.1300,642.0000,2866300
2012-08-09,644.5100,646.3700,641.5202,642.3500,2138400
2012-08-08,639.0500,645.8700,638.5000,642.2300,2641700
2012-08-07,641.7900,644.2600,636.4700,640.5400,3959600
2012-08-06,639.6100,649.3800,639.2200,642.8200,3561200
2012-08-03,640.0000,643.7200,636.1400,641.3300,3790400
2012-08-02,625.5100,638.0300,623.4100,628.7500,3951400
2012-08-01,637.3000,639.5084,631.3800,632.6800,3685500
2012-07-31,628.2600,636.5000,628.2200,632.9700,3727400
2012-07-30,636.0500,642.6000,629.5000,632.3000,4369000
2012-07-27,618.8900,635.0000,617.5000,634.9600,7092300
2012-07-26,615.0000,616.8700,610.0300,613.3600,3367000
2012-07-25,608.3200,613.3800,605.3700,607.9900,3642300
2012-07-24,615.0000,617.9300,604.3400,607.5700,4014700
2012-07-23,600.4800,618.3500,598.2500,615.5100,7116200
2012-07-20,608.7600,612.9400,598.1800,610.8200,12914400
2012-07-19,586.1400,598.4800,586.0000,593.0600,9340000
2012-07-18,576.9800,583.6900,576.1300,580.7600,3093300
2012-07-17,578.4300,580.6700,568.4000,576.7300,3356800
2012-07-16,576.3700,579.1900,571.7808,574.9200,2922200
2012-07-13,572.1500,579.1482,568.5500,576.5200,3948000
2012-07-12,567.1200,571.9300,562.0900,570.4800,4614900
2012-07-11,576.3000,577.8500,564.9400,571.1900,6991600
2012-07-10,590.1900,592.4300,578.7400,581.7000,3842300
2012-07-09,584.9500,588.6000,581.2500,586.0100,3426700
2012-07-06,592.4500,593.5200,582.8200,585.9800,4319200
2012-07-05,588.7600,600.0600,588.5400,595.9200,4687100
2012-07-03,580.0100,588.4100,578.0000,587.8300,2376600
2012-07-02,581.8200,582.9998,576.5000,580.4700,3307600
2012-06-29,574.9600,580.1300,572.2000,580.0700,5033900
2012-06-28,565.9000,566.2300,557.2100,564.3100,3837900
2012-06-27,567.7000,573.9880,566.0200,569.3000,3381200
2012-06-26,562.7600,566.6000,559.4800,564.6800,2697600
2012-06-25,567.3300,568.0925,557.3500,560.7000,3160000
2012-06-22,568.0000,571.4800,565.8200,571.4800,4451300
2012-06-21,579.8400,579.8400,563.7300,565.2100,4018500
2012-06-20,579.8100,580.0000,573.5100,577.5100,4688700
2012-06-19,573.5900,584.2800,573.1201,581.5300,4148200
2012-06-18,562.6200,574.2100,559.2500,570.8500,4988800
2012-06-15,560.3400,564.5200,557.0900,564.5100,5996300
2012-06-14,561.3000,565.0700,556.5201,559.0500,4685100
2012-06-13,561.7200,567.0000,558.6800,561.0900,3904400
2012-06-12,569.7700,570.3000,558.5800,565.1000,6441900
2012-06-11,584.2100,585.3175,566.6900,568.5000,5316800
2012-06-08,575.8500,581.0000,574.5800,580.4500,2817900
2012-06-07,587.6000,587.8900,577.2500,578.2300,3513400
2012-06-06,576.4800,581.9700,573.6100,580.5700,4187400
2012-06-05,575.4500,578.1300,566.4700,570.4100,4675100
2012-06-04,570.2200,580.4900,570.0100,578.5900,4860500
2012-06-01,571.7900,572.6500,568.3500,570.9800,6109600
2012-05-31,588.7200,590.0000,579.0000,580.8600,5930600
2012-05-30,588.1600,591.9000,583.5300,588.2300,3809500
2012-05-29,595.8100,599.1300,588.3200,594.3400,5206100
2012-05-25,601.0000,601.7300,588.2800,591.5300,7156600
2012-05-24,609.1600,611.9200,598.8680,603.6600,3778800
2012-05-23,601.6500,609.6000,597.1200,609.4600,6349800
2012-05-22,613.4400,613.8100,596.0000,600.8000,6097600
2012-05-21,600.5100,615.6940,600.0000,614.1100,6144600
2012-05-18,625.1000,632.4200,596.7000,600.4000,11935000
2012-05-17,633.8300,637.8500,621.2300,623.0500,6700800
2012-05-16,617.9600,630.1000,615.9400,628.9300,9660500
2012-05-15,605.3500,615.0000,603.7500,611.1100,4199900
2012-05-14,600.7800,608.5000,600.5800,604.0000,3645100
2012-05-11,610.3500,614.5500,604.7700,605.2300,4194600
2012-05-10,612.9600,616.1900,610.2300,613.6600,3068700
2012-05-09,606.8200,616.3800,601.8100,609.1500,4652900
2012-05-08,605.5300,616.9000,600.7000,612.7900,5349200
2012-05-07,595.0000,610.5700,595.0000,607.5500,3985000
2012-05-04,605.9200,607.8885,596.8100,596.9700,4410300
2012-05-03,609.6200,614.8300,608.9500,611.0200,3732200
2012-05-02,601.2000,608.1100,600.6100,607.2600,3219700
2012-05-01,603.7900,611.6000,600.1900,604.4300,4000500
2012-04-30,612.9900,616.0820,600.6100,604.8500,4809700
2012-04-27,615.0200,616.7400,610.6000,614.9800,3269500
2012-04-26,610.9100,618.0000,609.7000,615.4700,4180800
2012-04-25,604.0000,611.3500,602.8800,609.7200,3638500
2012-04-24,598.2400,606.6300,597.3200,601.2700,3854300
2012-04-23,592.9000,598.4500,590.2000,597.6000,4391200
2012-04-20,604.2500,608.8500,595.8300,596.0600,6110600
2012-04-19,605.6900,616.2600,599.0000,599.3000,6582600
2012-04-18,608.0500,612.8000,602.8100,607.4500,5333600
2012-04-17,608.5600,617.6900,607.0100,609.5700,6041700
2012-04-16,623.0000,623.8100,601.6600,606.0700,11372800
2012-04-13,647.5500,648.9900,623.5400,624.6000,16302200
2012-04-12,642.3500,653.1400,640.2600,651.0100,11501600
2012-04-11,633.9700,636.0000,631.3000,635.9600,4393600
2012-04-10,633.5200,634.5000,624.5500,626.8600,4959000
2012-04-09,628.4800,635.3300,625.2900,630.8400,4361000
2012-04-05,632.2400,636.4300,628.5700,632.3200,4632700
2012-04-04,638.4500,639.0000,631.1000,635.1500,3251900
2012-04-03,645.4100,647.9500,638.6400,642.6200,4085700
2012-04-02,640.7700,647.5000,634.8400,646.9200,4563800
2012-03-30,651.7500,653.4900,641.0000,641.2400,4616700
2012-03-29,653.4400,656.5900,644.3000,648.4100,3844700
2012-03-28,652.0300,658.5890,651.0800,655.7600,5072700
2012-03-27,647.0300,653.5000,644.8000,647.0200,4010300
2012-03-26,645.0000,649.4900,639.5400,649.3300,3634700
2012-03-23,646.6000,648.5000,640.9000,642.5900,3876500
2012-03-22,638.5000,648.8000,631.0000,646.0500,4815500
2012-03-21,634.6100,647.3900,632.5100,639.9800,4934200
2012-03-20,630.9200,636.0600,627.2700,633.4900,3077900
2012-03-19,623.1200,637.2700,621.2410,633.9800,4341200
2012-03-16,620.8900,625.9080,620.0500,625.0400,6094800
2012-03-15,616.6000,623.5000,614.8300,621.1300,4865300
2012-03-14,615.0000,622.7800,613.4600,615.9900,5867900
2012-03-13,608.7500,617.8500,605.5520,617.7800,4487100
2012-03-12,600.0000,607.0000,599.2600,605.1500,3334600
2012-03-09,607.9500,611.9000,600.0000,600.2500,5335800
2012-03-08,610.0400,611.5000,606.3500,607.1400,2688300
2012-03-07,609.0500,611.1878,605.8600,606.8000,2526400
2012-03-06,608.0500,608.8100,593.8400,604.9600,6342400
2012-03-05,620.4300,622.4900,611.3800,614.2500,3183400
2012-03-02,622.0000,624.0000,620.3200,621.2500,3143400
2012-03-01,622.2600,625.7000,618.1500,622.4000,4470900
2012-02-29,618.6000,625.6000,615.5000,618.2500,6267500
2012-02-28,610.0000,619.7700,607.6800,618.3900,5689500
2012-02-27,606.5900,612.3600,605.0600,609.3100,3624100
2012-02-24,607.3500,611.6500,605.5100,609.9000,3867300
2012-02-23,605.6512,607.9400,600.3500,606.1100,4105800
2012-02-22,611.9600,616.7800,606.7100,607.9400,3930000
2012-02-21,603.8700,617.8800,602.8800,614.0000,4956600
2012-02-17,604.9700,607.6300,602.4000,604.6400,4893300
2012-02-16,602.8200,608.8100,597.7300,606.5200,5056700
2012-02-15,612.9300,612.9300,602.5600,605.5600,4846900
2012-02-14,611.5400,612.0000,604.7600,609.7600,3603700
2012-02-13,610.5000,613.8385,610.0200,612.2000,3628900
2012-02-10,607.8800,608.1300,604.0000,605.9100,4645700
2012-02-09,612.0200,614.5000,609.0000,611.4600,4524800
2012-02-08,608.6400,611.3500,604.7417,609.8500,3669100
2012-02-07,607.1500,609.3900,603.7622,606.7700,4180000
2012-02-06,595.0100,610.8300,594.0100,609.0900,7351800
2012-02-03,590.6600,597.0700,588.0500,596.3300,6330600
2012-02-02,584.8700,586.4100,582.0800,585.1100,4824500
2012-02-01,584.9400,585.5000,579.1400,580.8300,4636700
2012-01-31,583.0000,584.0000,575.1500,580.1100,4280500
2012-01-30,578.0500,580.0000,573.4000,577.6900,4656300
2012-01-27,570.7800,580.3200,569.3300,579.9800,7227700
2012-01-26,571.9800,574.4800,564.5500,568.1000,6445900
2012-01-25,577.5100,578.7100,566.3800,569.4900,9965400
2012-01-24,586.3200,587.6800,578.0000,580.9300,6105400
2012-01-23,586.0000,588.6600,583.1600,585.5200,6818900
2012-01-20,590.5300,591.0000,581.7000,585.9900,21131400
2012-01-19,640.9900,640.9900,631.4600,639.5700,12597900
2012-01-18,626.6300,634.0000,622.1200,632.9100,5517800
2012-01-17,631.9800,631.9800,625.6800,628.5800,3814700
2012-01-13,626.2600,626.9500,621.0600,624.9900,4609900
2012-01-12,631.2200,632.8900,626.5000,629.6400,3746600
2012-01-11,623.5000,629.3900,621.1240,625.9600,4795200
2012-01-10,629.7500,633.8000,616.9100,623.1400,8782400
2012-01-09,646.5000,647.0000,621.2300,622.4600,11633500
2012-01-06,659.1500,660.0000,649.7900,650.0200,5380400
2012-01-05,662.1300,663.9700,656.2300,659.0100,6559200
2012-01-04,665.0300,670.2500,660.6200,668.2800,5722200
2012-01-03,652.9400,668.1500,652.3700,665.4100,7345600
2011-12-30,642.0200,646.7600,642.0200,645.9000,3561000
2011-12-29,641.4900,643.0000,635.2000,642.4000,3147600
2011-12-28,642.7500,645.0000,638.1000,639.7000,4250100
2011-12-27,632.0500,644.4900,632.0000,640.2500,3209500
2011-12-23,632.0000,634.6800,630.5600,633.1400,2904400
2011-12-22,627.9500,631.7300,627.0100,629.7000,3640900
2011-12-21,630.0100,631.8200,618.9600,625.8200,4990800
2011-12-20,628.0000,631.8400,627.9900,630.3700,4771600
2011-12-19,628.0100,628.5000,620.0000,621.8300,4282700
2011-12-16,624.3200,629.3200,621.4700,625.9600,8909600
2011-12-15,622.5200,624.0000,618.6900,619.5400,4812300
2011-12-14,621.8480,624.3200,612.4900,618.0700,7799500
2011-12-13,628.7600,636.5599,622.8500,625.6300,8048300
2011-12-12,621.8800,626.1800,620.2900,625.3900,4363400
2011-12-09,618.0000,629.1300,617.0100,627.4200,5526800
2011-12-08,621.0400,627.4500,615.3000,616.0500,4821300
2011-12-07,621.6800,625.6600,618.1000,623.3900,4510000
2011-12-06,622.9900,628.6200,620.2400,623.7700,4648300
2011-12-05,627.6400,631.9000,622.4000,625.6500,6388600
2011-12-02,617.0500,624.0000,616.2600,620.3600,8163200
2011-12-01,600.0000,616.0000,599.0000,613.7700,7233900
2011-11-30,597.9500,599.5100,592.0900,599.3900,6787200
2011-11-29,587.8800,590.3600,581.3300,582.9300,3659900
2011-11-28,579.3700,588.8200,576.5000,588.1900,5652100
2011-11-25,565.1900,574.2700,561.3300,563.0000,3121600
2011-11-23,575.3500,580.2500,570.1100,570.1100,4646900
2011-11-22,580.0000,584.9700,575.2400,580.0000,4805700
2011-11-21,587.7600,588.5000,572.0900,580.9400,5996500
2011-11-18,602.0000,604.5000,593.7500,594.8800,6568800
2011-11-17,610.0500,612.2900,596.7800,600.8700,6979600
2011-11-16,612.0800,618.3000,610.6100,611.4700,5211700
2011-11-15,612.8000,618.0800,610.5000,616.5600,5346600
2011-11-14,608.0000,618.0800,607.7800,613.0000,6371000
2011-11-11,601.3000,612.0900,598.6000,608.3500,7946000
2011-11-10,605.9350,605.9473,591.5600,595.0800,5731000
2011-11-09,604.2600,609.3900,598.6600,600.9500,7414500
2011-11-08,609.0000,614.3700,603.6000,612.3400,6052700
2011-11-07,593.3200,608.7800,592.2300,608.3300,6708000
2011-11-04,593.5000,599.7400,592.4300,596.1400,5663900
2011-11-03,587.0000,597.5000,583.7200,597.5000,5334200
2011-11-02,584.9000,587.9600,580.4800,584.8200,4237500
2011-11-01,580.1000,585.5100,576.7500,578.6500,6243900
2011-10-31,595.0900,599.6900,591.6700,592.6400,5110400
2011-10-28,594.5200,602.3000,594.2500,600.1400,5010900
2011-10-27,598.4200,602.7000,593.3000,598.6700,7553000
2011-10-26,589.5500,590.1800,572.8600,586.3100,5740400
2011-10-25,593.1000,595.0000,582.8500,583.1600,5075900
2011-10-24,586.7200,599.9700,586.5000,596.4200,6846900
2011-10-21,589.5100,592.7500,586.7000,590.4900,6775200
2011-10-20,581.9000,588.8900,579.5100,583.6700,6751200
2011-10-19,587.3400,592.0600,579.2200,580.7000,5857100
2011-10-18,580.1900,592.5600,577.4000,590.5100,7593900
2011-10-17,583.7200,591.8300,578.0000,582.4100,8008300
2011-10-14,599.4700,599.6000,587.5700,591.6800,17042700
2011-10-13,550.0300,559.0000,548.0200,558.9900,11363800
2011-10-12,548.1300,555.2300,544.6300,548.5000,6349200
2011-10-11,533.4600,546.8000,533.4600,543.1800,5701000
2011-10-10,525.1800,537.4700,523.2000,537.1700,4639700
2011-10-07,516.8300,520.5000,510.3000,515.1200,5706000
2011-10-06,507.5000,515.2300,502.6000,514.7100,6841700
2011-10-05,496.3500,507.8000,480.7700,504.7000,9059100
2011-10-04,490.0300,503.4400,480.5960,501.9000,8309200
2011-10-03,509.8500,512.0000,495.0000,495.5200,8939800
2011-09-30,520.2100,524.0000,514.3800,515.0400,5441700
2011-09-29,536.0400,537.3000,519.4100,527.5000,5807300
2011-09-28,541.5000,544.0200,527.7000,528.8400,4522000
2011-09-27,538.2000,547.0500,536.0500,539.3400,6015700
2011-09-26,527.2500,532.9300,513.2500,531.8900,5263100
2011-09-23,516.5600,526.4200,514.5000,525.5100,5549000
2011-09-22,526.2500,528.7770,514.0000,520.6600,8791700
2011-09-21,547.6900,555.0000,538.8600,539.2000,5023500
2011-09-20,549.4000,558.5200,542.6700,546.6250,5552600
2011-09-19,540.3500,549.9000,535.3800,546.6700,4931800
2011-09-16,544.8000,546.8400,543.1400,546.6800,7061500
2011-09-15,535.5000,544.9800,534.5600,542.5600,5915600
2011-09-14,532.5900,536.9500,525.8200,532.0700,5383400
2011-09-13,532.0000,533.8800,523.4000,529.5200,4703600
2011-09-12,520.6700,531.9900,517.5000,530.1200,5335400
2011-09-09,531.4000,534.6500,521.1900,524.8500,6531000
2011-09-08,533.8000,539.1000,531.9000,534.9600,4756200
2011-09-07,530.4500,535.9390,527.4000,534.0300,5506000
2011-09-06,510.8000,522.7600,510.5000,522.1800,5426100
2011-09-02,524.4700,527.9197,520.7300,524.8400,4797500
2011-09-01,540.7500,543.8300,531.2160,532.5000,4826100
2011-08-31,544.7400,546.3000,536.0000,540.9600,5381200
2011-08-30,538.1900,542.9900,530.8100,540.7000,5972000
2011-08-29,534.5600,539.4500,533.5620,539.0800,4666900
2011-08-26,519.9900,530.4540,513.1400,526.8600,7185400
2011-08-25,530.3800,537.2700,518.3000,520.0400,6579400
2011-08-24,519.3300,530.0000,517.2300,523.2900,7181800
2011-08-23,503.5000,521.4100,499.0580,518.8200,8684900
2011-08-22,504.0000,507.0000,494.5300,498.1700,9801900
2011-08-19,499.3400,514.8700,490.8600,490.9200,10809100
2011-08-18,523.4700,524.8900,500.4900,504.8800,12568800
2011-08-17,540.0300,543.6900,530.7700,533.1500,8150000
2011-08-16,552.4300,552.4400,530.3000,539.0000,13864900
2011-08-15,553.4300,564.9900,546.0500,557.2300,14275500
2011-08-12,569.5000,570.5000,560.4000,563.7700,6302200
2011-08-11,553.8200,568.5000,548.4100,562.1300,9651500
2011-08-10,561.3800,564.1200,547.7300,549.0100,10728400
2011-08-09,561.0000,574.6100,541.0100,573.4100,12926400
2011-08-08,562.9800,569.0000,544.3500,546.0200,14978200
2011-08-05,582.5450,590.0000,562.0000,579.0400,11846300
2011-08-04,594.5000,598.8500,577.4700,577.5200,9819300
2011-08-03,594.2700,603.0000,583.6260,601.1700,7643700
2011-08-02,606.0000,609.6700,591.5700,592.4000,6394700
2011-08-01,611.2200,615.5000,599.1800,606.7700,7924200
2011-07-29,604.2300,614.9600,603.6900,603.6900,8266500
2011-07-28,605.1900,615.9800,603.0000,610.9400,6210500
2011-07-27,617.1800,620.9500,604.7500,607.2200,7860900
2011-07-26,618.0500,627.4992,617.2180,622.5200,4681100
2011-07-25,613.3600,625.4092,613.0000,618.9800,6256900
2011-07-22,605.3900,619.5000,604.2700,618.2300,7049300
2011-07-21,594.0300,608.0600,594.0100,606.9900,6932000
2011-07-20,602.1800,602.8300,595.3500,595.3500,4451100
2011-07-19,596.1400,604.6800,595.5300,602.5500,5929000
2011-07-18,592.4900,602.0500,592.0000,594.9400,8927600
2011-07-15,597.5000,600.2500,588.1601,597.6200,27436700
2011-07-14,539.1200,542.0000,526.7300,528.9400,13285700
2011-07-13,537.0000,544.0000,536.4840,538.2600,5574800
2011-07-12,528.1600,539.4200,526.0000,534.0100,5676700
2011-07-11,528.1800,535.9800,525.5000,527.2800,5672900
2011-07-08,532.9500,537.6500,527.2700,531.9900,9530800
2011-07-07,541.0000,550.6800,535.8800,546.6000,7863100
2011-07-06,533.5000,538.5100,533.0400,535.3600,5385800
2011-07-05,525.3000,535.4000,525.3000,532.4400,7690700
2011-07-01,506.7400,521.1800,506.3800,521.0280,7266100
2011-06-30,501.9900,506.6700,501.5000,506.3800,4851900
2011-06-29,496.5400,500.2500,492.3800,497.5700,4681300
2011-06-28,484.0200,496.2075,484.0200,493.6500,5424700
2011-06-27,474.0000,488.4000,473.6000,482.8000,6882500
2011-06-24,480.6800,480.7500,473.0200,474.8800,7603500
2011-06-23,482.1300,482.8600,473.7300,480.2200,9593700
2011-06-22,491.4500,492.3500,486.7300,487.0050,4809300
2011-06-21,487.1900,493.9400,484.7340,493.0000,5525200
2011-06-20,485.0000,486.2300,479.2300,484.5800,6051100
2011-06-17,506.1800,506.6900,484.8000,485.0200,10480300
2011-06-16,502.8100,506.5700,496.6700,500.3700,5508400
2011-06-15,505.0300,508.3500,500.6100,502.9500,4142400
2011-06-14,508.1500,514.0800,506.9900,508.3700,4678300
2011-06-13,510.0000,510.2000,502.1700,504.7300,4849700
2011-06-10,514.0800,516.6900,509.2900,509.5050,4874900
2011-06-09,520.0000,520.0000,515.6400,516.7300,3374800
2011-06-08,516.5300,521.2400,515.7800,519.1700,3303400
2011-06-07,522.8900,524.6300,518.9900,519.0300,3811300
2011-06-06,525.1800,526.8182,519.2500,521.0600,3880300
2011-06-03,522.0000,527.6000,521.5000,523.0800,3493500
2011-06-02,527.5700,530.3000,522.4800,528.0600,4404500
2011-06-01,528.0400,533.1999,525.3100,525.6000,5905800
2011-05-31,525.0000,529.0500,523.5000,529.0200,5369200
2011-05-27,518.4800,521.7900,516.3000,520.9000,3488100
2011-05-26,517.7000,522.1200,515.0000,518.1300,4232700
2011-05-25,517.3300,522.7700,517.2500,519.6700,2600500
2011-05-24,520.3700,523.9620,518.1500,518.2600,3796200
2011-05-23,516.6000,520.0000,513.4000,518.3900,4595400
2011-05-20,531.8000,531.9900,523.1300,524.0300,4630300
2011-05-19,532.7300,536.5400,529.7200,531.2500,4932400
2011-05-18,529.5400,530.3300,525.7000,529.8100,3902400
2011-05-17,515.4300,531.2200,515.0300,530.4600,6600500
2011-05-16,526.3100,527.2700,516.4000,518.4200,5910400
2011-05-13,534.6100,535.9200,529.0500,529.5500,4213100
2011-05-12,535.2400,536.9400,530.9100,535.0500,2893700
2011-05-11,540.1400,543.5471,533.6900,535.4500,4672900
2011-05-10,540.0000,544.4300,537.5400,542.6600,4081700
2011-05-09,535.0000,538.4900,531.1000,537.6800,3893500
2011-05-06,538.1500,541.4600,535.1800,535.3000,4108000
2011-05-05,533.8600,539.4212,531.5000,534.2700,3991600
2011-05-04,535.1700,539.0000,533.0200,535.7900,4229700
2011-05-03,537.1300,542.0100,529.6300,533.8900,4158800
2011-05-02,545.7000,545.7300,537.1200,538.5600,4263100
2011-04-29,540.0000,544.1000,538.5100,544.1000,8448500
2011-04-28,538.0600,539.2480,534.0800,537.9700,3996000
2011-04-27,538.0000,538.1100,534.3500,537.7600,4592200
2011-04-26,526.5200,537.4399,525.2100,532.8200,6993000
2011-04-25,525.2500,527.0000,522.0100,525.0500,3258300
2011-04-21,527.4900,528.2800,522.3900,525.1000,4935200
2011-04-20,525.9000,526.8200,521.3900,525.7300,6113800
2011-04-19,529.9500,530.8800,520.9000,521.5300,5362800
2011-04-18,526.4200,527.6640,519.0000,526.8400,10069500
2011-04-15,545.2900,545.7500,530.0600,530.7000,28059300
2011-04-14,575.1900,579.4500,572.1000,578.5100,10901600
2011-04-13,575.5100,577.6000,571.7500,576.2800,4134600
2011-04-12,575.0000,576.9150,568.0500,570.6100,4167000
2011-04-11,576.2000,578.1000,573.0000,577.3700,3712600
2011-04-08,584.8864,584.8900,578.0600,578.1600,3799700
2011-04-07,575.7300,580.6400,574.1900,580.0000,5057900
2011-04-06,572.1800,575.1600,568.0000,574.1800,5331200
2011-04-05,581.0800,581.4900,565.6800,569.0900,12082900
2011-04-04,593.0000,594.7400,583.1000,587.6800,4104800
2011-04-01,588.7600,595.1900,588.7600,591.8000,5221100
2011-03-31,583.0000,588.1612,581.7400,586.7600,4054700
2011-03-30,584.3800,585.5000,580.5819,581.8400,2841700
2011-03-29,576.0000,581.8900,573.0100,581.7300,3206300
2011-03-28,582.0700,584.9900,574.7100,575.3600,4432300
2011-03-25,586.8800,586.9100,579.2400,579.7400,5711000
2011-03-24,585.4300,588.3900,578.8000,586.8900,4193200
2011-03-23,575.1900,582.4500,572.0000,582.1600,3628700
2011-03-22,577.2700,579.2300,572.5100,577.3200,3770000
2011-03-21,570.2200,579.8000,569.0200,576.5000,6035700
2011-03-18,564.6400,567.9900,559.7400,561.0600,6590600
2011-03-17,564.4800,569.0000,560.5400,561.3600,5792800
2011-03-16,568.0100,569.7900,551.2801,557.1000,7589400
2011-03-15,557.5000,571.0000,555.5000,569.5600,8003100
2011-03-14,572.8000,578.2900,568.0200,569.9900,5626500
2011-03-11,578.2200,580.0000,573.3300,576.7100,6057900
2011-03-10,585.4400,586.6200,579.4500,580.3000,6249900
2011-03-09,591.0000,594.5100,585.7510,591.7700,4297600
2011-03-08,592.9300,597.9800,590.2000,592.3100,4565200
2011-03-07,600.5500,603.6900,587.0000,591.6600,6918400
2011-03-04,608.3300,608.9800,600.2000,600.6200,6015900
2011-03-03,606.3800,611.4900,605.0000,609.5600,3886700
2011-03-02,599.8000,606.0000,595.1900,600.7900,4049300
2011-03-01,617.7800,619.2200,599.3035,600.7600,6639700
2011-02-28,610.0000,616.4900,608.0100,613.4000,4558400
2011-02-25,611.8600,614.7200,609.5000,610.0400,3860900
2011-02-24,611.3900,613.0900,601.3500,608.8200,5417900
2011-02-23,610.3300,614.7000,604.0000,611.3200,5773400
2011-02-22,620.0300,624.9300,607.7700,610.2100,7272500
2011-02-18,626.0000,631.1800,624.1800,630.0800,6429300
2011-02-17,621.2500,627.2500,620.2800,625.2600,2954600
2011-02-16,625.6300,626.5000,622.1000,624.2200,3364600
2011-02-15,627.3200,630.0900,623.1000,624.1500,4179800
2011-02-14,623.3400,629.6390,620.0400,628.1500,4251700
2011-02-11,613.7900,625.0000,613.0000,624.5000,5174600
2011-02-10,613.9000,617.5000,611.5600,616.4400,4664100
2011-02-09,616.8700,619.4500,612.3400,616.5000,3681300
2011-02-08,614.9300,619.6289,614.5123,618.3800,3386400
2011-02-07,610.1600,618.3900,609.2100,614.2950,3595600
2011-02-04,610.1500,611.4420,606.6100,610.9800,3098400
2011-02-03,609.4800,611.4500,606.1300,610.1500,2987200
2011-02-02,611.0000,614.3400,607.5300,612.0000,3517800
2011-02-01,604.4900,613.3550,603.1110,611.0400,5485100
2011-01-31,603.6000,604.4700,595.5500,600.3600,5604100
2011-01-28,619.0700,620.3600,599.7600,600.9900,8453700
2011-01-27,617.8900,619.7000,613.2519,616.7900,4034300
2011-01-26,620.3300,622.4900,615.2800,616.5000,4072100
2011-01-25,608.2000,620.6900,606.5200,619.9100,7286300
2011-01-24,607.5700,612.4900,601.2300,611.0800,9189200
2011-01-21,639.5800,641.7300,611.3600,611.8300,17790900
2011-01-20,632.2100,634.0800,623.2900,626.7700,10960600
2011-01-19,642.1200,642.9600,629.6600,631.7500,6805300
2011-01-18,626.0600,641.9900,625.2700,639.6300,7226700
2011-01-14,617.4000,624.2700,617.0800,624.1800,4726400
2011-01-13,616.9700,619.6700,614.1600,616.6900,2665300
2011-01-12,619.3500,619.3500,614.7700,616.8700,3262100
2011-01-11,617.7100,618.8000,614.5000,616.0100,2875700
2011-01-10,614.8000,615.3900,608.5600,614.2100,3155200
2011-01-07,615.9100,618.2500,610.1300,616.4400,4198100
2011-01-06,610.6800,618.4300,610.0500,613.5000,4111400
2011-01-05,600.0700,610.3300,600.0500,609.0700,5059500
2011-01-04,605.6200,606.1800,600.1200,602.1200,3645300
2011-01-03,596.4800,605.5900,596.4800,604.3500,4725600
2010-12-31,596.7400,598.4200,592.0300,593.9700,3075500
2010-12-30,598.0000,601.3340,597.3901,598.8600,1977000
2010-12-29,602.0000,602.4100,598.9200,601.0000,2036300
2010-12-28,602.0500,603.8700,598.0100,598.9200,2127400
2010-12-27,602.7400,603.7800,599.5000,602.3800,2413700
2010-12-23,605.3400,606.0000,602.0300,604.2300,2219300
2010-12-22,604.0000,607.0000,603.2800,605.4900,2412500
2010-12-21,598.5700,604.7199,597.6150,603.0700,3755200
2010-12-20,594.6500,597.8799,588.6565,595.0600,3942600
2010-12-17,591.0000,592.5600,587.6700,590.8000,6168000
2010-12-16,592.8500,593.7700,588.0700,591.7100,3190600
2010-12-15,594.2000,596.4500,589.1501,590.3000,4331000
2010-12-14,597.0900,598.2900,592.4800,594.9100,3283300
2010-12-13,597.1200,603.0000,594.0900,594.6200,4792200
2010-12-10,593.1400,593.9900,590.2900,592.2100,3405900
2010-12-09,593.8800,595.5800,589.0000,591.5000,3734000
2010-12-08,591.9700,592.5200,583.6900,590.5400,3510200
2010-12-07,591.2700,593.0000,586.0000,587.1400,6078300
2010-12-06,580.5700,582.0000,576.6100,578.3600,4183400
2010-12-03,569.4500,576.4800,568.0000,573.0000,5257100
2010-12-02,568.6618,573.3300,565.3501,571.8200,5090700
2010-12-01,563.0000,571.5700,562.4000,564.3500,7500600
2010-11-30,574.3200,574.3200,553.3100,555.7100,14220500
2010-11-29,589.1700,589.8000,579.9500,582.1100,5713600
2010-11-26,590.4600,592.9800,587.0000,590.0000,2619500
2010-11-24,587.3100,596.6000,587.0500,594.9700,4788000
2010-11-23,587.0100,589.0100,578.2000,583.0100,4320800
2010-11-22,587.4700,593.4400,582.7500,591.2200,4368800
2010-11-19,597.0000,597.8900,590.3400,590.8300,4590400
2010-11-18,589.0000,599.9800,588.5600,596.5600,5174800
2010-11-17,585.0000,589.5000,581.3690,583.5500,4880100
2010-11-16,592.7600,597.8900,583.4500,583.7200,6608100
2010-11-15,603.0800,604.0000,594.0500,595.4700,6950800
2010-11-12,613.9900,616.9000,601.2093,603.2900,6779200
2010-11-11,619.7000,619.8500,614.2100,617.1900,4518600
2010-11-10,622.0800,623.0000,617.5100,622.8800,4989000
2010-11-09,630.0000,630.8500,620.5110,624.8200,4469900
2010-11-08,624.0200,629.4900,623.1300,626.7700,4198300
2010-11-05,623.1800,625.4900,621.1100,625.0800,3527800
2010-11-04,624.6400,629.9200,622.1000,624.2700,7134400
2010-11-03,617.5000,621.8300,613.5021,620.1800,6754200
2010-11-02,618.6700,620.0000,614.5800,615.6000,3991200
2010-11-01,615.7300,620.6600,611.2100,615.0000,6168000
2010-10-29,617.0700,619.0000,612.9900,613.7000,4552000
2010-10-28,620.0500,621.0000,613.3000,618.5800,4364200
2010-10-27,615.7700,620.0000,612.3300,616.4700,4479300
2010-10-26,613.1000,621.2300,611.0300,618.6000,5020700
2010-10-25,615.5878,624.7400,614.9700,616.5000,6310400
2010-10-22,611.9200,614.8200,610.0500,612.5300,4507600
2010-10-21,611.5100,616.0000,606.0000,611.9900,5835100
2010-10-20,608.1400,617.3800,607.5000,607.9800,7043100
2010-10-19,608.8500,614.8200,602.8600,607.8300,9166600
2010-10-18,600.5500,619.6900,600.5500,617.7100,14182200
2010-10-15,599.2700,601.6400,591.6000,601.4500,29619900
2010-10-14,544.1800,545.2500,537.1100,540.9300,13254900
2010-10-13,547.0000,547.4930,542.3300,543.3000,6105000
2010-10-12,540.1200,545.9899,537.7900,541.3900,7499600
2010-10-11,538.4800,544.6000,537.1700,538.8400,5247300
2010-10-08,532.7700,537.6050,527.6200,536.3500,5712600
2010-10-07,536.2100,537.2000,529.1400,530.0100,4786800
2010-10-06,539.2600,539.9499,529.9410,534.3500,5519000
2010-10-05,528.3800,540.0000,526.5500,538.2300,7007100
2010-10-04,524.9500,528.2500,518.8501,522.3500,3877100
2010-10-01,530.0000,530.6200,523.0000,525.6200,4445500
2010-09-30,529.1600,531.8690,518.9200,525.7900,6481700
2010-09-29,527.8500,532.9385,524.7110,527.6900,4340000
2010-09-28,533.4800,533.5900,518.4500,527.1700,7302000
2010-09-27,528.8481,536.8490,528.8478,530.4100,6208500
2010-09-24,521.7400,527.8290,518.2600,527.2900,6707000
2010-09-23,514.6100,519.6885,511.3000,513.4800,4630100
2010-09-22,512.8600,517.7800,511.6800,516.0000,5069100
2010-09-21,509.6800,519.9800,508.9100,513.4600,8923600
2010-09-20,492.5000,510.4100,492.0600,508.2800,8798100
2010-09-17,483.7500,491.2000,481.1800,490.1500,11271900
2010-09-16,479.9500,482.4500,479.4100,481.0600,3935000
2010-09-15,479.9500,481.8900,478.5000,480.6400,4800700
2010-09-14,482.0100,484.7500,480.0800,480.4300,4428500
2010-09-13,480.9000,484.3500,479.5300,482.2700,4478500
2010-09-10,479.0200,479.7900,475.0801,476.1400,3944600
2010-09-09,477.8300,480.4000,470.5800,476.1800,4856300
2010-09-08,465.1900,472.4997,464.5100,470.5800,4798700
2010-09-07,464.5000,467.5900,463.0200,464.4000,3416300
2010-09-03,470.5200,471.8800,467.4400,470.3000,5075700
2010-09-02,462.8400,464.4300,460.3100,463.1800,3365000
2010-09-01,454.9800,464.9400,452.5000,460.3300,6450100
2010-08-31,450.1100,454.8700,448.0000,450.0200,3889700
2010-08-30,459.1500,459.7600,452.4210,452.6900,2460300
2010-08-27,452.5600,459.9900,447.6500,458.8300,4620100
2010-08-26,456.0600,457.2600,450.4400,450.9800,3550400
2010-08-25,450.0000,457.8100,450.0000,454.6200,5179000
2010-08-24,457.7000,458.3700,450.9200,451.3900,5519800
2010-08-23,461.5000,468.2500,457.7300,464.0700,5966400
2010-08-20,467.9700,471.5900,461.0201,462.0200,7827300
2010-08-19,481.0100,482.5100,467.2500,467.9700,7842100
2010-08-18,490.4400,490.8700,481.5500,482.1500,5367400
2010-08-17,488.5300,494.7000,486.0300,490.5200,3777600
2010-08-16,483.6800,489.8700,480.5019,485.5900,2607300
2010-08-13,489.0000,491.1900,486.0100,486.3500,3865500
2010-08-12,483.9400,494.7500,482.5100,492.0100,4404700
2010-08-11,497.7300,498.0000,491.5000,491.7400,4441500
2010-08-10,502.3500,506.0000,498.5700,503.7100,4143800
2010-08-09,502.2500,505.5000,501.3632,505.3500,3740600
2010-08-06,505.4000,505.7400,496.0500,500.2200,6632300
2010-08-05,505.8900,508.6000,503.5590,508.1000,4835900
2010-08-04,492.1800,507.0000,491.0500,506.3200,7617300
2010-08-03,490.5000,492.4600,486.7600,489.8300,3600900
2010-08-02,488.9900,493.2800,486.9400,490.4100,3713600
2010-07-30,479.6500,487.3600,479.1400,484.8500,4283900
2010-07-29,485.9500,488.8800,479.3300,484.9900,5345600
2010-07-28,494.9400,495.2500,482.6700,484.3500,4987000
2010-07-27,490.5750,497.5000,490.1700,492.6300,4897400
2010-07-26,489.0900,490.7490,484.8800,488.9700,3986400
2010-07-23,480.7700,490.5900,480.0100,490.0600,4524200
2010-07-22,483.2300,488.9800,482.4800,484.8100,4291100
2010-07-21,484.0000,485.7000,475.4301,477.5000,6552600
2010-07-20,461.0300,482.9900,460.6000,481.5900,8100800
2010-07-19,461.0100,469.6500,457.5200,466.1800,9091400
2010-07-16,469.1200,470.5600,459.5200,459.6050,15633900
2010-07-15,491.7300,494.7000,482.6800,494.0200,9706600
2010-07-14,489.8800,493.8300,486.4600,491.3360,6229700
2010-07-13,482.2500,492.9900,480.2800,489.2000,7944600
2010-07-12,472.3700,479.4400,471.0800,475.8300,6662100
2010-07-09,471.9600,473.2600,462.7800,467.4900,8654300
2010-07-08,453.5500,457.3300,449.6600,456.5600,5332400
2010-07-07,438.3100,451.2900,435.3800,450.2000,6253100
2010-07-06,444.0000,447.6699,433.6300,436.0700,5115000
2010-07-02,441.6200,442.2842,436.0000,436.5500,3868100
2010-07-01,445.2900,448.4000,433.6300,439.4900,7020100
2010-06-30,454.9600,457.8300,444.7200,444.9500,7199100
2010-06-29,463.4400,464.5500,451.1200,454.2600,6997100
2010-06-28,472.5900,477.5500,469.0100,472.0800,3521000
2010-06-25,477.0600,477.6460,470.5600,472.6800,4485900
2010-06-24,479.6600,482.7500,473.2610,475.1000,3783400
2010-06-23,486.8900,486.8900,478.1600,482.0500,4054100
2010-06-22,489.9000,496.6000,485.7300,486.2500,4434900
2010-06-21,499.9000,500.9670,484.8900,488.5600,5961000
2010-06-18,502.5100,503.4700,498.1300,500.0300,5740000
2010-06-17,503.4500,505.8700,496.6900,500.0800,3950600
2010-06-16,496.1700,504.0000,496.1100,501.2700,4574000
2010-06-15,483.0800,500.4000,482.1800,497.9900,8510600
2010-06-14,494.4800,494.5000,483.1900,483.1900,4076700
2010-06-11,482.5000,488.7100,481.6200,488.5000,3559800
2010-06-10,480.3700,488.5000,475.8400,487.0100,5150600
2010-06-09,487.2200,488.8800,472.0000,474.0200,5452500
2010-06-08,487.8500,488.8400,477.5400,484.7800,5364800
2010-06-07,499.0600,500.9099,483.1500,485.5200,7258100
2010-06-04,499.7200,509.2500,496.7000,498.7200,7832700
2010-06-03,495.1100,508.0000,494.7000,505.6000,7294000
2010-06-02,486.6800,493.8699,481.4600,493.3700,5076500
2010-06-01,480.4300,491.0600,480.1200,482.3700,5328200
2010-05-28,492.7400,493.4500,483.0000,485.6300,5783800
2010-05-27,484.8600,492.3100,481.0500,490.4600,5612500
2010-05-26,482.0700,489.7600,475.0000,475.4700,6944200
2010-05-25,468.1550,477.4500,464.0100,477.0700,6028700
2010-05-24,480.7300,489.7900,476.8000,477.1600,8682500
2010-05-21,469.0600,485.0000,464.4000,472.0500,19362200
2010-05-20,485.0700,485.5800,473.8015,475.0100,9816700
2010-05-19,496.2600,499.4400,487.7400,494.4300,6884500
2010-05-18,510.0000,510.9700,497.0700,498.3700,5645300
2010-05-17,506.7800,508.3608,498.3500,507.9700,5582000
2010-05-14,509.7700,510.9900,496.2500,507.5300,8223700
2010-05-13,516.5000,522.0000,510.3700,510.8800,6644900
2010-05-12,512.0400,512.0400,502.0000,505.3900,7695800
2010-05-11,515.6700,519.8800,508.2200,509.0500,6638500
2010-05-10,513.9700,522.8200,512.6000,521.6500,8247700
2010-05-07,499.9700,505.3200,481.3300,493.1400,10167800
2010-05-06,508.7500,517.5200,460.0000,498.6700,9990100
2010-05-05,500.9800,515.7200,500.4701,509.7600,9155200
2010-05-04,526.5200,526.7400,504.2100,506.3700,12140400
2010-05-03,526.5000,532.9200,525.0800,530.6000,3711800
2010-04-30,531.1300,537.6800,525.4400,525.6950,4865900
2010-04-29,533.3700,536.5000,526.6700,532.0000,6111600
2010-04-28,532.1000,534.8300,521.0300,529.1900,6805300
2010-04-27,528.9400,538.3300,527.2350,529.0600,7681700
2010-04-26,544.9700,544.9900,529.2100,531.6400,8728800
2010-04-23,547.2500,549.3200,542.2700,544.9900,4174600
2010-04-22,552.0000,552.5000,543.3500,547.0600,6554800
2010-04-21,556.4600,560.2500,552.1600,554.3000,4778200
2010-04-20,554.1700,559.6565,551.0600,555.0400,5948800
2010-04-19,548.7500,553.9900,545.0000,550.1000,7780200
2010-04-16,563.0000,568.8100,549.6300,550.1450,24446500
2010-04-15,592.1700,597.8400,588.2870,595.3000,13510000
2010-04-14,590.0600,592.3400,584.0100,589.0000,6798500
2010-04-13,572.5300,588.8800,571.1300,586.7700,7816700
2010-04-12,567.3500,574.0000,566.2200,572.7300,4700000
2010-04-09,568.0000,568.7700,564.0000,566.2200,4109000
2010-04-08,563.3200,569.8515,560.0500,567.4900,3891100
2010-04-07,567.3000,568.7500,561.8600,563.5400,5156800
2010-04-06,569.4600,570.8900,565.4000,568.2200,4116000
2010-04-05,570.9000,574.8800,569.0000,571.0100,3799100
2010-04-01,571.3500,573.4500,565.5500,568.8000,4201100
2010-03-31,565.0500,569.7400,562.8100,567.1200,6055500
2010-03-30,562.8300,567.6300,560.2800,566.7100,3951800
2010-03-29,563.0000,564.7200,560.5700,562.4500,6202700
2010-03-26,565.2700,567.3900,560.0201,562.6900,5387000
2010-03-25,560.4800,572.0000,558.6600,562.8800,7853900
2010-03-24,545.5100,559.8495,539.7000,557.3300,13117200
2010-03-23,557.0400,558.3120,542.0000,549.0000,10991500
2010-03-22,556.1100,566.8500,554.2800,557.5000,8001500
2010-03-19,566.2300,568.0000,557.2800,560.0000,9578800
2010-03-18,564.7200,568.4400,562.9600,566.4000,3550800
2010-03-17,568.3000,571.4499,564.2501,565.5600,6636500
2010-03-16,561.8300,568.4200,560.7600,565.2000,6856100
2010-03-15,566.6800,569.4500,556.0000,563.1800,9298400
2010-03-12,588.1400,588.2750,579.1600,579.5400,5501200
2010-03-11,574.2600,586.2100,574.2000,581.1400,8458100
2010-03-10,563.7600,578.5000,562.2100,576.4500,11298400
2010-03-09,559.8500,564.6600,556.5000,560.1900,6346800
2010-03-08,564.7800,565.1800,561.0100,562.4800,4768000
2010-03-05,561.3500,567.6700,559.9000,564.2100,7816500
2010-03-04,546.5000,556.1300,546.2000,554.5900,6361200
2010-03-03,542.3600,548.1200,539.2500,545.3200,6172600
2010-03-02,535.4800,545.6600,535.0100,541.0600,8704800
2010-03-01,529.2000,533.2900,527.7400,532.6900,4471300
2010-02-26,527.4200,531.7500,523.4800,526.8000,4094500
2010-02-25,527.1200,528.4899,520.0000,526.4300,6611700
2010-02-24,534.3900,538.4400,530.5100,531.4700,4648500
2010-02-23,543.0000,543.6300,532.2900,535.0700,5739400
2010-02-22,547.3500,547.5000,541.0000,542.8000,4284900
2010-02-19,541.0000,544.0300,539.7000,540.7630,5101000
2010-02-18,537.5400,545.0100,536.1400,543.2200,4669100
2010-02-17,542.0000,543.4000,537.6100,538.2070,4055300
2010-02-16,537.1400,544.1300,534.3000,541.3000,7301400
2010-02-12,532.9700,537.1500,530.5000,533.1200,4554800
2010-02-11,532.2500,540.4900,529.5000,536.4000,4815100
2010-02-10,534.0700,537.7900,527.6900,534.4450,5343600
2010-02-09,539.5400,541.5300,535.0700,536.4400,5633500
2010-02-08,532.5000,542.0000,531.5301,533.4700,5383200
2010-02-05,528.4000,533.4985,522.4600,531.2900,6305600
2010-02-04,537.0000,538.0000,525.5600,526.7780,6748600
2010-02-03,528.6700,542.1000,528.2300,540.8200,5992200
2010-02-02,534.9554,534.9600,527.6100,531.1200,8184200
2010-02-01,534.6020,535.8100,530.3000,533.0200,4497000
2010-01-29,538.4900,540.9900,525.6100,529.9440,8272700
2010-01-28,544.4900,546.9999,530.6000,534.2900,6451700
2010-01-27,541.2700,547.6500,535.3100,542.1000,7920800
2010-01-26,537.9700,549.6000,536.2900,542.4200,8702200
2010-01-25,546.5900,549.8775,535.5100,540.0000,8830900
2010-01-22,564.5000,570.6000,534.8600,550.0100,13587100
2010-01-21,583.4400,586.8185,572.2510,582.9800,12602700
2010-01-20,585.9800,585.9800,575.2900,580.4100,6494800
2010-01-19,581.4900,590.4200,576.2900,587.6200,8624700
2010-01-15,591.5900,593.5600,578.0400,580.0000,10858100
2010-01-14,583.9000,594.2000,582.8100,589.8500,8471700
2010-01-13,576.4900,588.3800,573.9000,587.0900,12980200
2010-01-12,598.0800,598.1600,588.0000,590.4800,9696800
2010-01-11,604.4600,604.4600,594.0400,601.1100,14411300
2010-01-08,592.0000,603.2500,589.1100,602.0200,9439100
2010-01-07,609.4000,610.0000,592.6500,594.1000,12815700
2010-01-06,625.8600,625.8600,606.3600,608.2600,7949400
2010-01-05,627.1800,627.8400,621.5400,623.9900,6003300
2010-01-04,626.9500,629.5100,624.2400,626.7500,3908400
2009-12-31,624.7500,625.4000,619.9800,619.9800,2437100
2009-12-30,618.5000,622.7300,618.0100,622.7300,2928200
2009-12-29,624.7400,624.8425,618.2900,619.4000,2846700
2009-12-28,621.6600,625.9900,618.4800,622.8700,3392400
2009-12-24,612.9300,619.5200,612.2705,618.4800,1715600
2009-12-23,603.5000,612.8698,602.8500,611.6800,4141200
2009-12-22,601.3400,601.5000,598.8500,601.1200,3757800
2009-12-21,597.9500,599.8400,595.6700,598.6800,5137200
2009-12-18,596.0300,598.9300,595.0000,596.4200,7055900
2009-12-17,596.4400,597.6400,593.7600,593.9400,5272300
2009-12-16,598.9100,600.3700,596.6400,597.7600,5613100
2009-12-15,593.3000,596.3800,590.9900,593.1400,4556200
2009-12-14,595.2400,597.3100,592.6101,595.7300,3822900
2009-12-11,594.6800,594.7500,587.7300,590.5100,3436500
2009-12-10,590.4400,594.7100,590.4100,591.5000,3333200
2009-12-09,587.5000,589.3300,583.5800,589.0200,3558400
2009-12-08,583.5000,590.6600,582.0000,587.0500,3044900
2009-12-07,584.2300,588.6900,581.0000,586.2500,3269100
2009-12-04,593.0200,594.8320,579.1800,585.0100,5022100
2009-12-03,589.0400,591.4500,585.0000,585.7400,2854500
2009-12-02,590.9800,593.0100,586.2200,587.5100,3323000
2009-12-01,588.1300,591.2200,583.0000,589.8700,4635900
2009-11-30,580.6300,583.6700,577.1100,583.0000,3446700
2009-11-27,572.0000,582.4600,570.9700,579.7600,2766400
2009-11-25,586.4054,587.0599,582.6900,585.7400,2919400
2009-11-24,582.5000,584.2900,576.5400,583.0900,3207100
2009-11-23,576.4900,586.6000,575.8600,582.3500,5089900
2009-11-20,569.5000,571.6000,569.4000,569.9640,4008300
2009-11-19,573.7700,574.0000,570.0000,572.9900,4331600
2009-11-18,576.6500,578.7800,572.0700,576.6500,3096100
2009-11-17,574.8700,577.5000,573.7200,577.4900,3829500
2009-11-16,575.0000,576.9900,572.7800,576.2800,4394000
2009-11-13,569.2900,572.5100,566.6100,572.0500,3330200
2009-11-12,569.5600,572.9000,565.5000,567.8500,3768800
2009-11-11,570.4800,573.5000,565.8600,570.5600,4634700
2009-11-10,562.7300,568.7800,562.0000,566.7600,4457100
2009-11-09,555.4500,562.5800,554.2300,562.5100,5294500
2009-11-06,547.7200,551.7800,545.5000,551.1000,3649700
2009-11-05,543.4900,549.7700,542.6640,548.6500,3691700
2009-11-04,540.8000,545.5000,536.4200,540.3300,4660700
2009-11-03,530.0100,537.5000,528.3001,537.2900,4755600
2009-11-02,537.0800,539.4600,528.2410,533.9900,6397700
2009-10-30,550.0000,550.1700,534.2400,536.1200,6930000
2009-10-29,543.0100,551.8300,541.0000,551.0500,5040100
2009-10-28,547.8700,550.0000,538.2500,540.3000,5130400
2009-10-27,550.9700,554.5600,544.1600,548.2900,6426500
2009-10-26,555.7500,561.6400,550.8900,554.2100,5934800
2009-10-23,555.2500,557.8900,551.2000,553.6900,4780600
2009-10-22,550.0000,555.0000,548.0000,554.0900,4668300
2009-10-21,549.9100,559.3500,549.0000,551.1000,7333800
2009-10-20,551.6400,552.9500,540.7000,551.7200,8079300
2009-10-19,552.6900,553.6000,548.7300,552.0900,6429300
2009-10-16,547.3300,554.7500,544.5300,549.8500,17666100
2009-10-15,533.7500,536.9000,527.2700,529.9100,12188500
2009-10-14,532.4600,535.5800,530.0000,535.3200,6510200
2009-10-13,524.3900,527.4600,521.3800,526.1100,6068700
2009-10-12,523.4200,525.7600,519.3201,524.0400,6637700
2009-10-09,516.6500,521.5100,514.5000,516.2500,5470700
2009-10-08,519.5700,523.2500,513.3400,514.1800,8598900
2009-10-07,499.0000,518.9900,497.8100,517.5400,9738600
2009-10-06,491.7001,499.3700,491.7001,498.7400,5459100
2009-10-05,487.6500,492.4300,483.3400,488.5200,4284900
2009-10-02,483.7400,491.7400,482.6000,484.5800,5196300
2009-10-01,493.0000,496.4700,487.0000,487.2000,5620700
2009-09-30,500.0000,500.1400,487.2400,495.8500,6277100
2009-09-29,499.5300,499.7500,493.0100,498.5300,4194200
2009-09-28,494.8400,501.5000,493.2950,498.5300,3674900
2009-09-25,494.2900,499.9300,492.0000,492.4800,4095100
2009-09-24,500.4700,501.4100,493.0000,496.7700,5050100
2009-09-23,500.7800,507.0000,497.7100,498.4600,5402900
2009-09-22,500.9200,501.9900,497.8100,499.0600,6076300
2009-09-21,487.7400,498.9000,486.2200,497.0000,4228500
2009-09-18,496.7700,496.9800,491.2300,491.4600,6560400
2009-09-17,490.5700,497.3700,487.1500,491.7200,8957200
2009-09-16,479.8000,489.3700,478.4800,488.2900,5165400
2009-09-15,475.0800,478.9100,472.7100,477.5400,4791400
2009-09-14,470.5100,476.8000,470.0500,475.1200,3947400
2009-09-11,470.4000,473.3000,467.6300,472.1400,3801900
2009-09-10,466.6500,470.9400,462.0000,470.9400,5064100
2009-09-09,459.0600,466.2700,458.8000,463.9700,4386400
2009-09-08,464.2900,466.9900,455.8400,458.6200,5308000
2009-09-04,457.5700,462.6000,455.7800,461.3000,2995400
2009-09-03,455.8200,458.2500,455.0000,457.5200,3289100
2009-09-02,455.8200,458.3300,452.5900,453.0100,3605900
2009-09-01,459.6800,466.8200,454.4200,455.7610,5184600
2009-08-31,459.7900,461.8600,458.0000,461.6700,3911800
2009-08-28,469.2600,472.3700,463.3800,464.7500,3539600
2009-08-27,468.5800,468.5800,460.7300,466.0600,3993800
2009-08-26,472.7600,473.0000,466.7000,468.0000,3971600
2009-08-25,469.1300,474.3500,468.7200,471.3700,4677300
2009-08-24,467.3500,470.0900,464.4250,468.7300,4901800
2009-08-21,465.5400,466.0900,462.6500,465.2400,7113800
2009-08-20,452.0000,462.1800,451.2300,460.4100,7989800
2009-08-19,439.9900,445.0000,438.5605,443.9700,4505400
2009-08-18,445.1000,447.7000,442.3200,445.2800,4697400
2009-08-17,451.5000,451.9900,443.1205,444.8900,5235100
2009-08-14,462.7800,463.1800,456.8900,460.0000,3346800
2009-08-13,462.1500,464.7200,458.9100,462.2800,3986400
2009-08-12,455.4100,461.7500,454.9200,458.5800,4678100
2009-08-11,453.6700,457.2300,452.3780,453.9360,3421500
2009-08-10,455.1400,458.4100,453.7900,456.6100,3480500
2009-08-07,455.6700,459.4200,454.9900,457.1000,5081100
2009-08-06,454.3000,454.8800,448.5300,450.3600,4217500
2009-08-05,456.0000,456.9100,447.8800,451.1400,4679300
2009-08-04,449.3700,454.0000,448.4300,453.7340,4774800
2009-08-03,448.7400,453.9000,447.6400,452.2100,5175400
2009-07-31,449.9800,452.7000,442.4300,443.0500,5715000
2009-07-30,442.6100,451.4700,442.6100,445.6400,6390800
2009-07-29,437.2300,437.8000,431.8850,436.2400,3970000
2009-07-28,441.0000,442.8100,436.1000,439.8500,5059900
2009-07-27,446.0400,446.7500,437.6100,444.8000,5003700
2009-07-24,435.8100,450.4900,435.0000,446.7200,7246500
2009-07-23,428.6800,441.2100,425.5000,437.3420,6949400
2009-07-22,428.0000,430.2000,423.5000,427.6900,5168200
2009-07-21,430.9400,431.9000,425.7200,427.9000,5930400
2009-07-20,429.8800,432.8495,426.2500,430.1700,6300600
2009-07-17,433.0000,435.4800,426.7000,430.2500,13694400
2009-07-16,436.6800,445.7500,434.1000,442.6000,13095800
2009-07-15,429.6600,438.6800,428.4900,438.1700,7546400
2009-07-14,423.7100,426.7300,420.8700,424.6900,5785800
2009-07-13,416.1740,424.5200,415.1800,424.3000,8083300
2009-07-10,409.5750,417.3700,408.7000,414.4000,5847300
2009-07-09,406.1200,414.4500,405.8000,410.3900,6544600
2009-07-08,400.0000,406.0000,398.0600,402.4900,6875500
2009-07-07,408.2400,409.1900,395.9801,396.6300,6512000
2009-07-06,406.5000,410.6400,401.6600,409.6100,4520600
2009-07-02,415.4100,415.4100,406.8100,408.4900,5030100
2009-07-01,424.2000,426.4000,418.1500,418.9900,4616900
2009-06-30,424.0000,427.2100,418.2200,421.5900,5182600
2009-06-29,426.0000,427.8000,422.2400,424.1400,4334200
2009-06-26,413.6800,428.2300,413.1100,425.3200,6506800
2009-06-25,407.0000,415.9000,406.5100,415.7700,6082900
2009-06-24,408.7400,412.2300,406.5600,409.2900,4910600
2009-06-23,406.6500,408.9900,402.5500,405.6800,5793400
2009-06-22,416.9500,417.4900,401.8901,407.3500,8240500
2009-06-19,418.2100,420.4600,414.5800,420.0900,8509600
2009-06-18,415.6800,418.6900,413.0000,414.0600,6164200
2009-06-17,416.1900,419.7200,411.5600,415.1600,6973200
2009-06-16,419.3100,421.0900,415.4200,416.0000,6093300
2009-06-15,421.5000,421.5000,414.0000,416.7700,7466300
2009-06-12,426.8600,427.7000,421.2100,424.8400,5830900
2009-06-11,431.7700,433.7300,428.3700,429.0000,5724600
2009-06-10,436.2300,437.8900,426.6700,432.6000,6711000
2009-06-09,438.5800,440.5000,431.7600,435.6200,6503200
2009-06-08,439.5000,440.9200,434.1200,438.7700,6191200
2009-06-05,445.0700,447.3400,439.4600,444.3200,7354200
2009-06-04,435.3000,441.2400,434.5000,440.2800,7268900
2009-06-03,426.0000,432.4630,424.0000,431.6500,7058500
2009-06-02,426.2500,429.9600,423.4000,428.4000,5241900
2009-06-01,418.7300,429.6000,418.5300,426.5600,6638100
2009-05-29,412.1100,417.2329,410.7000,417.2300,5291100
2009-05-28,408.6800,411.6200,404.6100,410.4000,5332200
2009-05-27,405.6400,411.8585,404.8100,405.5600,6062500
2009-05-26,391.9495,405.0000,390.0000,404.3600,6202700
2009-05-22,396.6600,398.6500,392.0005,393.5000,3433700
2009-05-21,396.3000,402.8400,393.8370,396.5000,5434100
2009-05-20,402.0900,405.6700,395.0000,397.1800,4563400
2009-05-19,396.1000,401.6400,393.0000,398.8800,5669300
2009-05-18,394.7300,397.3100,385.4000,396.8400,6696600
2009-05-15,391.1000,394.1100,389.0905,390.0000,6011300
2009-05-14,388.8000,392.2100,384.6900,387.5000,5868100
2009-05-13,394.0900,396.3900,388.3500,389.5400,5679900
2009-05-12,410.0100,410.9900,395.1100,399.0100,7574000
2009-05-11,402.8000,412.0000,401.2000,407.9800,5113400
2009-05-08,402.8500,410.1284,395.0000,407.3300,7722400
2009-05-07,404.1000,404.9900,392.5000,396.6100,5993600
2009-05-06,406.7900,408.2800,401.0000,403.4700,5260500
2009-05-05,399.9800,405.0000,397.2500,402.9900,4796700
2009-05-04,398.1700,402.4000,394.7900,401.9793,6399500
2009-05-01,395.0300,397.5900,391.5500,393.6900,4850500
2009-04-30,395.7600,403.7500,394.8000,395.9700,8702600
2009-04-29,385.9700,394.9700,385.8300,391.4700,7212700
2009-04-28,383.7500,389.0500,381.5400,383.7100,5881300
2009-04-27,384.3400,389.4900,382.7500,385.9500,4576600
2009-04-24,386.0500,393.1800,380.5000,389.4900,6764000
2009-04-23,387.5100,389.7500,381.1100,384.6900,5212700
2009-04-22,381.7500,390.0000,379.0100,383.8600,6996500
2009-04-21,376.1700,384.3000,376.1000,381.4700,7383400
2009-04-20,386.1500,390.6500,375.8900,379.3000,8848900
2009-04-17,386.0200,399.8200,384.8100,392.2400,21440100
2009-04-16,381.5000,392.9000,381.0200,388.7400,20349800
2009-04-15,367.1000,381.0600,364.1600,379.5000,9851500
2009-04-14,376.9400,376.9900,365.6000,368.9100,6850300
2009-04-13,371.3300,379.1000,370.3000,378.1100,6094000
2009-04-09,369.5000,374.3500,366.2500,372.5000,6758400
2009-04-08,363.5000,365.0000,356.2100,362.0000,5524800
2009-04-07,362.6000,363.7500,355.3100,358.6500,7352800
2009-04-06,367.0000,369.8200,361.4021,368.2400,6554000
2009-04-03,364.5000,371.7200,358.0000,369.7800,7572000
2009-04-02,363.3100,369.7600,360.3200,362.5000,8967000
2009-04-01,343.7800,355.2400,340.6100,354.0900,6595700
2009-03-31,348.9340,353.5100,346.1760,348.0600,7303200
2009-03-30,342.5480,343.8100,336.0550,342.6900,6182000
2009-03-27,350.0000,351.9961,345.4700,347.7000,6638900
2009-03-26,353.1300,359.1600,348.5000,353.2900,11994500
2009-03-25,350.4000,351.3400,336.2500,344.0700,8663900
2009-03-24,346.5000,353.8400,344.0000,347.3200,7632300
2009-03-23,333.5600,349.4500,333.0300,348.6010,8534400
2009-03-20,330.3000,332.9900,326.3400,330.1600,9466300
2009-03-19,331.6800,336.0000,327.3800,329.9400,8214100
2009-03-18,334.7900,340.0000,328.0537,333.1000,10014300
2009-03-17,320.1800,335.3400,319.0900,335.3400,9415500
2009-03-16,325.9900,329.7300,318.5900,319.6900,9883700
2009-03-13,326.1000,327.4600,319.0301,324.4200,7804900
2009-03-12,317.5400,325.0000,313.6500,323.5300,10038100
2009-03-11,310.1000,320.0000,305.7100,317.9100,11835300
2009-03-10,298.2500,310.5000,294.2500,308.1700,13446900
2009-03-09,299.6460,306.5700,289.4500,290.8900,12929600
2009-03-06,307.2200,310.1900,294.2490,308.5700,14453900
2009-03-05,316.2200,319.0800,302.6400,305.6400,13046700
2009-03-04,323.1600,329.0000,315.3800,318.9200,15621100
2009-03-03,330.0700,333.6900,322.3500,325.4800,13036500
2009-03-02,333.3300,340.6999,326.0000,327.1600,11565400
2009-02-27,332.9500,343.8200,331.1100,337.9900,10829100
2009-02-26,345.9800,352.4900,337.1600,337.1800,11199900
2009-02-25,342.1500,352.3000,338.9200,341.6400,12865300
2009-02-24,331.0200,349.6200,330.8900,345.4500,12179600
2009-02-23,347.0000,349.8000,329.5500,330.0600,10431700
2009-02-20,338.0500,348.9200,335.0000,346.4500,12421700
2009-02-19,357.5000,359.8000,341.4100,342.6400,9967400
2009-02-18,347.0400,353.3800,340.5200,353.1100,12036900
2009-02-17,345.5900,347.0900,339.6900,342.6600,11349400
2009-02-13,361.4300,362.9900,355.2300,357.6800,8285100
2009-02-12,353.1600,363.6200,351.4800,363.0500,11089400
2009-02-11,358.9600,365.0000,353.0000,358.0400,10452700
2009-02-10,375.2600,377.5000,357.8900,358.5100,14193100
2009-02-09,370.8200,381.0000,367.3000,378.7700,9944600
2009-02-06,356.4600,373.8100,355.4400,371.2800,14062100
2009-02-05,340.4700,355.3800,337.0000,353.7200,14514200
2009-02-04,340.2960,354.4400,339.1700,343.0000,13621100
2009-02-03,342.5700,343.0000,333.8285,340.4500,13099800
2009-02-02,334.2700,345.0000,332.0000,340.5700,10403300
2009-01-30,344.6900,348.8000,336.0010,338.5300,9334600
2009-01-29,344.5400,345.0500,340.1100,343.3200,14553000
2009-01-28,337.9800,352.3300,336.3100,348.6700,15367400
2009-01-27,326.0000,333.8700,324.2700,331.4800,9844700
2009-01-26,324.8500,328.0000,320.5600,323.8700,9212100
2009-01-23,309.2790,331.9600,304.2200,324.7000,21444100
2009-01-22,298.0400,309.3500,295.1500,306.5000,16517400
2009-01-21,289.7900,303.5000,288.3500,303.0800,9839100
2009-01-20,299.1400,299.5000,282.7500,282.7500,10086300
2009-01-16,305.0200,308.2500,295.7000,299.6700,10438300
2009-01-15,297.5700,303.5800,286.7900,298.9900,11857100
2009-01-14,310.0000,313.8000,297.7500,300.9700,10924800
2009-01-13,311.7700,320.6000,310.3900,314.3200,8856100
2009-01-12,316.3100,318.9500,310.2300,312.6900,6601900
2009-01-09,327.5000,327.5000,313.4000,315.0700,8672300
2009-01-08,318.2800,325.1900,317.3400,325.1900,7194100
2009-01-07,328.3200,330.9099,318.7500,322.0100,8980000
2009-01-06,332.9800,340.7990,326.3900,334.0600,12837500
2009-01-05,321.0000,331.2400,315.0000,328.0500,9768200
2009-01-02,308.5995,321.8199,305.5000,321.3200,7213700
2008-12-31,304.2000,311.0000,302.6101,307.6500,5767800
2008-12-30,300.8000,306.8100,298.7100,303.1100,7679300
2008-12-29,300.2200,301.3800,291.5800,297.4200,7396300
2008-12-26,304.0700,305.2600,298.3100,300.3600,3914200
2008-12-24,301.4799,306.3400,298.3800,302.9500,3839100
2008-12-23,300.4300,303.3100,296.6700,298.0200,7547800
2008-12-22,308.5600,309.5000,290.6300,297.1100,7827300
2008-12-19,316.2700,317.7900,309.0000,310.1700,11213900
2008-12-18,316.7000,320.3500,309.1100,310.2800,9517400
2008-12-17,318.6400,322.1300,312.4200,315.2400,11567800
2008-12-16,314.5200,329.5000,311.2700,325.2800,14105000
2008-12-15,314.0100,318.4900,305.1100,310.6700,13462300
2008-12-12,295.7100,316.4700,294.0000,315.7600,11432700
2008-12-11,304.1700,312.8800,297.8000,300.2200,12346000
2008-12-10,309.2400,314.9000,304.5100,308.8200,10463500
2008-12-09,297.6900,318.0000,297.0100,305.9700,13766000
2008-12-08,289.9900,309.4400,282.0000,302.1100,16272300
2008-12-05,271.0200,284.2400,264.0200,283.9900,13029300
2008-12-04,276.5300,283.4900,268.7700,274.3400,9763400
2008-12-03,269.8500,281.3600,265.3400,279.4300,11797700
2008-12-02,269.7300,277.7800,262.5801,275.1100,11667700
2008-12-01,286.6800,287.3799,265.9830,265.9900,11410900
2008-11-28,290.5800,296.4500,288.2801,292.9600,5125800
2008-11-26,280.2800,295.4600,276.2000,292.0900,12700400
2008-11-25,268.6800,286.6600,267.3200,282.0500,21520800
2008-11-24,269.2600,269.9500,249.0100,257.4400,20089200
2008-11-21,262.5100,269.3700,247.3000,262.4300,20468500
2008-11-20,274.8900,282.9400,259.0400,259.5600,19539200
2008-11-19,295.3900,300.1900,278.5800,280.1800,15653500
2008-11-18,301.5700,303.7300,285.3500,297.4200,16675500
2008-11-17,303.0000,310.1600,297.9500,300.1200,15072500
2008-11-14,303.2500,324.9900,302.5600,310.0200,19015100
2008-11-13,291.7700,313.0000,280.0000,312.0800,26442900
2008-11-12,302.0500,312.4899,287.7600,291.0000,20082000
2008-11-11,308.6900,316.3000,300.5210,311.4600,20272900
2008-11-10,328.0000,329.4440,309.4700,318.7800,16144000
2008-11-07,333.1200,341.1500,325.3310,331.1400,9353200
2008-11-06,339.9700,344.4200,325.8100,331.2200,17132400
2008-11-05,362.1500,368.8800,341.3100,342.2400,13879100
2008-11-04,353.4400,372.3600,345.5000,366.9400,14685100
2008-11-03,357.5800,362.9900,341.4300,346.4900,11897000
2008-10-31,356.1600,371.9599,354.2700,359.3600,14831700
2008-10-30,368.4600,372.0000,358.3700,359.6900,15961800
2008-10-29,365.7900,371.0000,352.3700,358.0000,19493600
2008-10-28,339.0500,369.3100,328.5100,368.7500,16194500
2008-10-27,334.8100,343.0000,325.6000,329.4900,12388900
2008-10-24,326.4700,350.4700,324.7400,339.2900,14703200
2008-10-23,353.6500,358.0000,337.9900,352.3200,12944800
2008-10-22,356.9900,369.6900,344.0000,355.6700,13106800
2008-10-21,372.3900,383.7800,362.0000,362.7500,11552400
2008-10-20,379.7500,380.9800,359.5900,379.3200,13493200
2008-10-17,378.9600,386.0000,363.5500,372.5400,28469900
2008-10-16,332.7600,356.5000,309.4400,353.0200,32446900
2008-10-15,354.6500,359.0000,338.8300,339.1700,13429300
2008-10-14,393.5300,394.5000,357.0000,362.7100,15554000
2008-10-13,355.7900,381.9500,345.7500,381.0200,17793100
2008-10-10,313.1600,341.8900,310.3000,332.0000,21174400
2008-10-09,344.5200,348.5661,321.6700,328.9800,16133800
2008-10-08,330.1600,358.9900,326.1100,338.1100,23629100
2008-10-07,373.3300,374.9800,345.3700,346.0100,22086600
2008-10-06,373.9800,375.9900,357.1600,371.2100,22418700
2008-10-03,399.9000,412.4999,383.0700,386.9100,15969800
2008-10-02,409.7900,409.9800,386.0000,390.4900,11957800
2008-10-01,411.1500,416.9800,403.1000,411.7200,12457100
2008-09-30,395.9800,425.0800,392.3200,400.5200,6166400
2008-09-29,419.5100,423.5100,380.7100,381.0000,21504200
2008-09-26,428.0000,437.1600,421.0301,431.0400,10574400
2008-09-25,438.8400,450.0000,435.9800,439.6000,10030500
2008-09-24,430.3400,445.0000,430.1100,435.1100,8475500
2008-09-23,433.2500,440.7900,425.7201,429.2700,10397900
2008-09-22,454.1300,454.1300,429.0000,430.1400,8805700
2008-09-19,461.0000,462.0700,443.2800,449.1500,19991900
2008-09-18,422.6400,439.1800,410.5000,439.0800,17161600
2008-09-17,438.4800,439.1400,413.4400,414.4900,18235500
2008-09-16,425.9600,449.2800,425.4900,442.9300,13967400
2008-09-15,424.0000,441.9700,423.7100,433.8600,13121600
2008-09-12,430.2100,441.9900,429.0000,437.6600,12043900
2008-09-11,408.3500,435.0900,406.3800,433.7500,12929800
2008-09-10,424.4700,424.4800,409.6800,414.1600,12441100
2008-09-09,423.1700,432.3800,415.0000,418.6600,14444700
2008-09-08,452.0200,452.9400,417.5501,419.9500,18017700
2008-09-05,445.4900,452.4560,440.0800,444.2500,9059500
2008-09-04,460.0000,463.2400,449.4000,450.2600,9687300
2008-09-03,468.1950,474.2899,459.5800,464.4100,8620500
2008-09-02,476.7700,482.1800,461.4200,465.2500,12210700
2008-08-29,469.7500,471.0100,462.3300,463.2900,7688700
2008-08-28,472.4900,476.4500,470.3300,473.7800,6053300
2008-08-27,473.7300,474.8300,464.8400,468.5800,8765400
2008-08-26,483.4600,483.4600,470.5900,474.1600,6609700
2008-08-25,486.1100,497.0000,481.5000,483.0100,4024500
2008-08-22,491.5000,494.8760,489.4800,490.5900,4589800
2008-08-21,482.9200,489.8999,479.2700,486.5300,7021100
2008-08-20,494.7200,496.6900,482.5701,485.0000,7956200
2008-08-19,490.4300,498.2800,486.6300,490.5000,6086900
2008-08-18,509.8400,510.0000,495.5101,498.3000,6661100
2008-08-15,506.9900,510.6600,505.5000,510.1500,7084300
2008-08-14,497.7000,507.6100,496.2900,505.4900,5831300
2008-08-13,501.6000,503.5400,493.8800,500.0300,7243700
2008-08-12,502.0000,506.1300,498.0000,502.6100,5505800
2008-08-11,492.4700,508.8800,491.7800,500.8400,8470100
2008-08-08,480.1500,495.7500,475.6900,495.0100,7471100
2008-08-07,482.0000,484.0000,476.4100,479.1200,5542000
2008-08-06,478.3700,489.7700,472.5100,486.3400,6744800
2008-08-05,467.8900,480.0800,466.3300,479.8500,7161800
2008-08-04,468.8000,473.0100,461.9000,463.0000,4969000
2008-08-01,472.0600,473.2200,462.5000,467.8600,6009700
2008-07-31,475.9600,480.8900,471.4400,473.7500,5724400
2008-07-30,485.5000,486.0200,472.8100,482.7000,6974400
2008-07-29,479.3000,487.2600,478.0000,483.1100,5599900
2008-07-28,492.0900,492.0900,475.1300,477.1200,6313600
2008-07-25,486.9600,493.1320,481.5000,491.9800,6360600
2008-07-24,496.8400,496.8700,475.6200,475.6200,7074700
2008-07-23,482.0000,497.2300,478.1000,489.2200,9778400
2008-07-22,467.0000,480.2500,465.6005,477.1100,9373600
2008-07-21,480.4400,484.0900,465.7000,468.8000,11791100
2008-07-18,498.8400,498.9800,478.1900,481.3200,22562200
2008-07-17,535.3500,537.0500,524.5000,533.4400,17557200
2008-07-16,514.0400,536.5000,510.6000,535.6000,9474900
2008-07-15,516.2800,527.5000,501.1000,516.0900,12129800
2008-07-14,536.5000,540.0641,515.4500,521.6200,8840700
2008-07-11,536.5000,539.5000,519.4300,533.8000,9952800
2008-07-10,545.0000,549.5000,530.7210,540.5700,8654700
2008-07-09,550.7600,555.6800,540.7300,541.5500,8299600
2008-07-08,545.3400,555.1900,540.0000,554.5300,9854900
2008-07-07,542.3300,549.0000,535.6000,543.9100,8501800
2008-07-03,531.0000,539.2300,527.5000,537.0000,4796100
2008-07-02,535.7700,540.3800,526.0600,527.0400,8437500
2008-07-01,520.0000,536.7200,517.0000,534.7300,9909800
2008-06-30,532.2500,538.0000,523.0600,526.4200,7523000
2008-06-27,527.4100,530.0000,515.0900,528.0700,10884100
2008-06-26,544.5900,544.9300,528.2600,528.8200,11307600
2008-06-25,544.0000,557.7999,543.6700,551.0000,8236100
2008-06-24,544.8600,551.1900,535.1000,542.3000,9335800
2008-06-23,545.3600,553.1500,542.0200,545.2100,7264500
2008-06-20,547.8400,556.9800,544.5100,546.4300,11954200
2008-06-19,554.8700,563.7800,550.8100,560.2000,11354800
2008-06-18,564.9600,568.9900,559.1600,562.3800,6755600
2008-06-17,576.0200,578.0700,568.3800,569.4600,6918800
2008-06-16,566.5000,579.1000,566.5000,572.8100,7078500
2008-06-13,561.9500,575.7000,561.3360,571.5100,12356400
2008-06-12,548.0100,558.0000,546.8800,552.9500,10972200
2008-06-11,556.0000,557.3400,544.4600,545.2000,7618100
2008-06-10,549.3000,558.8200,546.7800,554.1700,7307400
2008-06-09,568.0600,570.0000,545.4000,557.8700,10566000
2008-06-06,579.8900,580.7200,567.0000,567.0000,9459500
2008-06-05,576.2100,588.0400,576.2100,586.3000,7825500
2008-06-04,565.3300,578.0000,564.5500,572.2200,6719600
2008-06-03,577.9450,580.4999,560.6100,567.3000,8601900
2008-06-02,582.5000,583.8900,571.2701,575.0000,7341000
2008-05-30,583.4700,589.9200,581.3000,585.8000,6443900
2008-05-29,574.7900,585.8800,573.2000,583.0000,9680300
2008-05-28,567.9600,571.4900,561.1000,568.2400,8092600
2008-05-27,544.2600,562.6000,543.8500,560.9000,7723200
2008-05-23,546.9100,553.0000,537.8100,544.6200,8854100
2008-05-22,551.6700,554.2100,540.2500,549.4600,10142400
2008-05-21,577.7900,581.4100,547.8900,549.9900,12923200
2008-05-20,574.6300,582.4800,572.9100,578.6000,6620500
2008-05-19,578.5500,588.8800,573.5200,577.5200,11197700
2008-05-16,581.4300,584.6800,578.3200,580.0701,8539600
2008-05-15,579.0000,582.9500,575.6100,581.0000,8676700
2008-05-14,586.5000,591.1900,575.2500,576.3000,8742800
2008-05-13,587.0000,587.9500,578.5500,583.0000,10316600
2008-05-12,574.7500,586.7500,568.9100,584.9400,9718000
2008-05-09,579.5000,585.0000,571.3000,573.2000,8960800
2008-05-08,586.2000,589.3000,578.9100,583.0100,10235500
2008-05-07,590.7000,599.4900,576.4300,579.0000,13212700
2008-05-06,591.0000,592.0000,583.0000,586.3600,9249300
2008-05-05,599.0000,599.0000,587.1300,594.9000,12549400
2008-05-02,598.8400,602.4500,579.3000,581.2900,13983600
2008-05-01,578.3100,594.9300,576.9720,593.0800,13192300
2008-04-30,562.2700,584.8600,558.4700,574.2900,15790100
2008-04-29,550.2200,563.4000,550.0100,558.4700,8683300
2008-04-28,544.0000,556.8100,539.0000,552.1200,8009100
2008-04-25,548.7000,553.0000,542.7300,544.0600,8320400
2008-04-24,551.2900,554.4900,540.0200,543.0400,8261900
2008-04-23,558.0000,559.3100,540.9500,546.4900,9833100
2008-04-22,537.8000,560.8299,537.5600,555.0000,15861100
2008-04-21,539.0000,542.5900,530.2900,537.7900,14864500
2008-04-18,535.0000,547.7000,524.7700,539.4100,36434700
2008-04-17,455.6400,459.3700,446.5200,449.5400,26679200
2008-04-16,444.3000,458.2800,441.0000,455.0300,15246100
2008-04-15,451.6600,459.7200,443.7200,446.8400,9146000
2008-04-14,457.1600,457.4500,450.1500,451.6600,7677500
2008-04-11,464.0700,467.2600,455.0100,457.4500,8331000
2008-04-10,464.9600,473.8640,461.8500,469.0800,10134600
2008-04-09,469.1300,472.0000,457.5400,464.1900,12084100
2008-04-08,473.0400,474.1400,462.0100,467.8100,9084900
2008-04-07,477.0300,485.4400,473.5300,476.8200,11875100
2008-04-04,457.0100,477.8300,456.2000,471.0900,11782600
2008-04-03,461.7300,463.2900,448.1300,455.1200,13543200
2008-04-02,469.9000,475.7400,460.3900,465.7000,11986000
2008-04-01,447.7400,466.5000,446.8700,465.7100,12174000
2008-03-31,435.6400,442.6900,432.0100,440.4700,8883900
2008-03-28,447.4600,453.5690,434.3100,438.0800,8743600
2008-03-27,446.0000,448.6100,440.4900,444.0800,11652700
2008-03-26,452.5900,462.8700,449.2900,458.1900,10440900
2008-03-25,457.4600,457.4700,446.0000,450.7800,11651500
2008-03-24,438.4300,465.7800,437.7200,460.5600,13513400
2008-03-20,427.3200,435.7000,417.5000,433.5500,19806900
2008-03-19,441.1100,447.5000,431.6700,432.0000,12345600
2008-03-18,428.9800,440.8400,425.5301,439.1600,14459900
2008-03-17,427.9900,433.7100,412.1100,419.8700,15760600
2008-03-14,442.9800,449.3400,430.6200,437.9200,13135600
2008-03-13,432.6700,446.9800,428.7800,443.0100,15437700
2008-03-12,440.0100,447.8800,438.0700,440.1800,13290400
2008-03-11,425.2600,440.1500,424.6500,439.8399,17636100
2008-03-10,428.8300,431.0000,413.0400,413.6200,15959200
2008-03-07,428.8800,440.0000,426.2400,433.3500,16127400
2008-03-06,447.6900,453.3000,431.1800,432.7000,14925200
2008-03-05,445.2500,454.1700,444.0000,447.6999,14858300
2008-03-04,450.9500,453.3600,435.7800,444.6000,27216100
2008-03-03,471.5100,472.7200,450.1100,457.0200,15093800
2008-02-29,476.5000,479.7400,464.6500,471.1800,18831900
2008-02-28,470.5000,479.0900,467.3600,475.3900,13160600
2008-02-27,460.1300,475.4900,459.6400,472.8600,20223500
2008-02-26,461.2000,466.4700,446.8500,464.1900,46528000
2008-02-25,505.9500,506.5000,485.7400,486.4400,16728800
2008-02-22,502.0600,509.0000,497.5501,507.8000,11020700
2008-02-21,512.8500,513.2100,499.5000,502.8600,11344200
2008-02-20,503.5100,511.0100,498.8200,509.0000,13311000
2008-02-19,534.9400,535.0600,506.5000,508.9500,12688000
2008-02-15,528.3100,532.6600,524.3300,529.6400,10469700
2008-02-14,538.3500,541.0400,531.0000,532.2500,12940400
2008-02-13,522.5000,534.9900,518.6900,534.6200,13236100
2008-02-12,523.3900,530.6000,513.0300,518.0900,13311200
2008-02-11,520.5200,523.7100,513.4000,521.1600,11640300
2008-02-08,509.4100,517.7300,508.7000,516.6900,13644100
2008-02-07,496.8600,514.1900,494.7600,504.9500,15841900
2008-02-06,511.1400,511.1700,497.9300,501.7100,15257500
2008-02-05,489.4300,509.0000,488.5200,506.7995,22384100
2008-02-04,509.0700,512.7800,492.5500,495.4300,26287800
2008-02-01,528.6700,536.6700,510.0000,515.9000,35165700
2008-01-31,539.0100,573.0000,534.2901,564.3000,29712800
2008-01-30,549.1900,560.4300,543.5100,548.2700,15863300
2008-01-29,560.4700,561.3300,540.6700,550.5200,12553400
2008-01-28,570.9700,572.2390,548.6000,555.9800,11621700
2008-01-25,591.8100,595.0000,566.1800,566.4000,13918000
2008-01-24,558.8000,579.6900,554.1400,574.4900,18782900
2008-01-23,560.7100,568.0000,519.0000,548.6201,33897400
2008-01-22,562.0300,597.5000,561.2000,584.3500,18983900
2008-01-18,608.3600,609.9900,598.4500,600.2500,17062100
2008-01-17,620.7600,625.7400,598.0100,600.7900,16417100
2008-01-16,628.9700,639.9900,601.9300,615.9500,21098800
2008-01-15,645.9000,649.0500,635.3800,637.6500,11125200
2008-01-14,651.1400,657.4000,645.2500,653.8200,8886100
2008-01-11,642.7000,649.4700,630.1100,638.2500,9944000
2008-01-10,645.0100,657.2000,640.1100,646.7300,12655700
2008-01-09,630.0400,653.3400,622.5100,653.2000,13465900
2008-01-08,653.0000,659.9600,631.0000,631.6799,10667500
2008-01-07,653.9400,662.2800,637.3500,649.2500,12793900
2008-01-04,679.6900,680.9600,655.0000,657.0000,10708800
2008-01-03,685.2600,686.8500,676.5200,685.3300,6498400
2008-01-02,692.8700,697.3700,677.7301,685.1900,8605100
2007-12-31,698.5700,702.4900,690.5800,691.4800,4747600
2007-12-28,704.9300,707.9500,696.5400,702.5300,5120200
2007-12-27,707.0700,716.0000,700.7383,700.7400,5879100
2007-12-26,698.9900,713.2200,698.2100,710.8400,5054900
2007-12-24,694.9900,700.7300,693.0600,700.7300,3253500
2007-12-21,697.8800,699.2600,693.2400,696.6900,10753200
2007-12-20,685.8300,691.0000,680.6100,689.6900,8835500
2007-12-19,674.2100,679.5000,669.0000,677.3700,8833300
2007-12-18,674.1600,676.7100,652.5000,673.3500,14319000
2007-12-17,688.0000,695.4200,663.6700,669.2300,10961000
2007-12-14,687.5100,699.7000,687.2600,689.9600,7339600
2007-12-13,696.3100,697.6200,681.2100,694.0500,10071500
2007-12-12,714.0000,714.3200,688.5000,699.3500,12305800
2007-12-11,719.9400,720.9900,698.7800,699.2040,12265900
2007-12-10,715.9900,724.8000,714.0000,718.4200,7704600
2007-12-07,714.9900,718.0000,710.5000,714.8700,7696400
2007-12-06,697.8000,716.5600,697.0100,715.2600,9808100
2007-12-05,692.7300,698.9300,687.5000,698.5100,8410700
2007-12-04,678.3100,692.0000,677.1201,684.1600,8455100
2007-12-03,691.0100,695.0000,681.1400,681.5300,8641500
2007-11-30,711.0000,711.0600,682.1100,693.0000,15775200
2007-11-29,690.7500,702.7900,687.7700,697.0000,12403500
2007-11-28,682.1100,694.3000,672.1400,692.2600,15817100
2007-11-27,674.8000,676.4300,650.2600,673.5700,17791100
2007-11-26,680.2000,693.4000,665.0000,666.0000,13566600
2007-11-23,670.0000,678.2800,668.1100,676.7000,5471900
2007-11-21,643.7700,669.9700,642.0801,660.5200,14012900
2007-11-20,636.4800,659.1000,632.8700,648.5400,19661500
2007-11-19,629.5900,636.7700,618.5000,625.8500,11043700
2007-11-16,633.9400,635.4900,616.0200,633.6300,18067500
2007-11-15,638.5700,647.5000,624.0000,629.6500,13921400
2007-11-14,673.2800,675.4900,636.2700,641.6800,16173200
2007-11-13,645.4800,660.9200,632.0700,660.5500,16873900
2007-11-12,657.7400,669.9300,626.2100,632.0700,20434100
2007-11-09,675.7800,681.8800,661.2100,663.9700,22753400
2007-11-08,734.6000,734.8900,677.1800,693.8400,32991300
2007-11-07,741.1300,747.2400,723.1400,732.9399,16530400
2007-11-06,737.5600,741.7900,725.0000,741.7900,16855700
2007-11-05,706.9900,730.2300,706.0700,725.6500,17749600
2007-11-02,710.5100,713.5800,697.3400,711.2500,11671300
2007-11-01,702.7900,713.7200,701.7800,703.2100,13041300
2007-10-31,700.6900,707.0000,696.0400,707.0000,13739800
2007-10-30,677.5100,699.9100,677.5100,694.7700,13787300
2007-10-29,677.7700,680.0000,672.0900,679.2300,6126400
2007-10-26,674.0300,676.5400,668.0600,674.6000,6701000
2007-10-25,678.6800,678.9700,663.5500,668.5100,11579400
2007-10-24,672.7100,677.4700,659.5600,675.8200,14793500
2007-10-23,661.2600,677.6000,660.0000,675.7700,13573800
2007-10-22,638.6700,655.0000,636.2800,650.7500,13315400
2007-10-19,654.5600,658.4900,643.2300,644.7100,31546400
2007-10-18,635.4100,641.3700,628.5000,639.6200,24553800
2007-10-17,630.4500,634.0000,621.5900,633.4800,12048900
2007-10-16,618.4900,625.9200,611.9900,616.0000,12038500
2007-10-15,638.4700,639.8600,615.5500,620.1100,13873700
2007-10-12,623.9800,638.4000,618.2400,637.3900,13633700
2007-10-11,633.6400,641.4100,609.0000,622.0000,23574400
2007-10-10,621.3600,625.6800,616.8000,625.3900,10760400
2007-10-09,615.1100,623.7800,608.3900,615.1850,17518000
2007-10-08,595.0000,610.2600,593.9500,609.6200,10045900
2007-10-05,587.0100,596.0000,587.0100,594.0500,10127200
2007-10-04,585.0900,585.0900,577.0600,579.0300,5967400
2007-10-03,586.2500,588.9900,580.3600,584.0199,7751200
2007-10-02,583.3800,596.8100,580.0100,584.3900,14120800
2007-10-01,569.9700,584.3500,569.6100,582.5499,9413100
2007-09-28,567.0000,569.5500,564.1200,567.2700,5273700
2007-09-27,571.7300,571.7400,565.7800,567.5000,4108400
2007-09-26,570.4000,571.7899,563.8100,568.1600,6685500
2007-09-25,564.0000,569.5600,562.8600,569.0000,5455700
2007-09-24,561.0000,571.4600,560.0000,568.0200,10583400
2007-09-21,556.3400,560.7900,552.8300,560.1000,16007300
2007-09-20,547.0000,556.8000,546.0301,552.8300,11038900
2007-09-19,539.2700,549.4499,538.8600,546.8500,11042700
2007-09-18,526.5200,537.2500,524.2700,535.2700,8422900
2007-09-17,526.5300,529.2800,524.0700,525.3000,4390600
2007-09-14,523.2000,530.2700,522.2200,528.7500,5524200
2007-09-13,524.0600,527.2100,523.2200,524.7800,3778400
2007-09-12,520.5300,527.9800,519.0000,522.6500,5966000
2007-09-11,516.9900,521.6500,515.7300,521.3300,5401700
2007-09-10,521.2800,522.0700,510.8800,514.4800,6445100
2007-09-07,517.8600,521.2400,516.8000,519.3500,7319800
2007-09-06,529.3600,529.8300,518.2400,523.5200,7244500
2007-09-05,523.4000,529.4800,522.2500,527.8000,6619100
2007-09-04,515.0200,528.0000,514.6200,525.1500,7380000
2007-08-31,513.1000,516.5000,511.4700,515.2500,5949200
2007-08-30,512.3600,515.4000,510.5780,511.4000,5298000
2007-08-29,507.8400,513.3000,507.2300,512.8800,5093500
2007-08-28,511.5300,514.9800,505.7900,506.4000,6541200
2007-08-27,514.4300,517.4500,511.4000,513.2600,4645500
2007-08-24,512.6100,515.5500,508.5000,515.0000,4940400
2007-08-23,516.0000,516.1300,507.0000,512.1900,6147200
2007-08-22,509.9600,516.2500,509.2500,512.7500,6498800
2007-08-21,498.9400,508.1600,497.7700,506.6100,7213900
2007-08-20,502.4600,502.5600,496.0000,497.9200,5389200
2007-08-17,496.2100,501.0000,491.6500,500.0400,10947800
2007-08-16,492.0200,496.4300,480.4600,491.5200,17273900
2007-08-15,509.0000,511.6900,496.7100,497.5500,10808100
2007-08-14,515.7200,517.4000,508.0000,508.6000,7260100
2007-08-13,519.5400,519.7500,513.0300,515.5000,6352200
2007-08-10,510.1800,518.7200,505.6300,515.7500,11738600
2007-08-09,520.8000,526.8200,514.6300,514.7300,9683300
2007-08-08,519.3400,525.7800,517.0900,525.7800,8129400
2007-08-07,509.7500,519.8800,509.0400,516.0200,8520000
2007-08-06,503.0000,510.1500,502.5000,510.0000,7295600
2007-08-03,510.0500,513.2000,503.0000,503.0000,6346000
2007-08-02,513.7200,514.9900,509.0000,511.0100,6303400
2007-08-01,510.5000,516.5100,508.1400,512.9400,8847500
2007-07-31,520.2300,520.4400,510.0000,510.0000,8532400
2007-07-30,512.9200,519.3400,510.5000,516.1100,7918600
2007-07-27,508.5300,516.6200,505.5000,511.8900,11007100
2007-07-26,508.7400,512.5900,498.8800,508.0000,13753000
2007-07-25,516.9800,517.0200,505.5600,509.7600,11078900
2007-07-24,509.3000,518.6900,507.1100,514.0001,11133000
2007-07-23,519.0100,520.0000,512.1500,512.5100,12700600
2007-07-20,511.9000,523.1800,509.5000,520.1200,35509000
2007-07-19,553.4600,553.5200,542.2400,548.5900,22232100
2007-07-18,553.8900,554.5000,543.8100,549.5000,12147800
2007-07-17,555.0400,557.7300,552.3800,555.0000,8648500
2007-07-16,550.3000,558.5800,549.3100,552.9900,13185800
2007-07-13,547.9100,552.6700,547.2500,552.1600,10463700
2007-07-12,545.8600,547.3200,540.2200,545.3300,6876300
2007-07-11,543.6100,546.5000,540.0100,544.4700,6611900
2007-07-10,543.7900,547.0000,541.6500,543.3400,7704200
2007-07-09,543.0000,548.7400,540.2600,542.5600,7452100
2007-07-06,541.2500,543.8700,538.7300,539.4000,5488500
2007-07-05,535.5600,544.4000,532.1500,541.6300,9875900
2007-07-03,531.0600,534.4000,527.5000,534.3400,3739800
2007-07-02,525.4900,531.8500,524.2000,530.3800,6968200
2007-06-29,526.0200,527.4000,519.4600,522.7001,7753400
2007-06-28,524.8800,529.5000,523.8000,525.0100,8328400
2007-06-27,525.0000,527.9900,519.5600,526.2900,12233900
2007-06-26,532.7300,533.2000,526.2400,530.2600,11367600
2007-06-25,528.9800,534.9900,523.3800,527.4200,15834100
2007-06-22,516.4200,524.9900,516.1000,524.9800,14392900
2007-06-21,510.9800,515.2900,506.2800,514.1100,8810500
2007-06-20,516.9600,518.7500,509.0600,509.9700,8667700
2007-06-19,514.0100,517.2500,511.5400,514.3100,8701800
2007-06-18,506.1800,516.0000,504.2400,515.2000,9662100
2007-06-15,508.1900,509.0000,501.2300,505.8900,12335800
2007-06-14,505.3800,505.8800,501.7000,502.8400,9233100
2007-06-13,507.0872,508.5400,498.6900,505.2400,14053900
2007-06-12,508.7100,511.6700,503.1700,504.7700,12826100
2007-06-11,514.0200,518.2500,510.0000,511.3400,9286100
2007-06-08,516.2000,519.6400,509.4600,515.4900,12703600
2007-06-07,519.7500,526.5000,512.5100,515.0600,21239700
2007-06-06,516.7500,520.7800,515.2600,518.2500,15757600
2007-06-05,509.7500,519.0000,506.6100,518.8400,20873300
2007-06-04,497.9100,510.5100,497.5900,507.0700,14187700
2007-06-01,501.0000,505.0200,497.9300,500.3970,9588400
2007-05-31,500.5600,508.7800,497.0600,497.9090,17830700
2007-05-30,484.5000,498.8400,483.0000,498.6000,14477100
2007-05-29,485.0000,491.8000,484.0000,487.1100,10425500
2007-05-25,479.7000,484.9500,477.2700,483.5200,10686300
2007-05-24,475.1500,479.2000,471.5000,474.3300,8338800
2007-05-23,480.8206,483.4103,473.7500,473.9700,10110200
2007-05-22,473.0000,479.0100,473.0000,475.8600,7670300
2007-05-21,469.5300,479.2000,466.7200,470.6000,12306200
2007-05-18,472.0300,472.7000,469.7500,470.3200,7384400
2007-05-17,472.4600,475.2200,470.8100,470.9600,9311800
2007-05-16,462.0000,473.1400,459.0200,472.6100,13095200
2007-05-15,461.9600,462.5400,457.4100,458.0000,8229700
2007-05-14,465.4800,467.5100,460.0000,461.7800,7737600
2007-05-11,461.8300,467.0000,461.0000,466.7400,5882300
2007-05-10,467.0400,469.4900,461.0200,461.4700,7365200
2007-05-09,466.1500,471.7300,463.8800,469.2500,7772000
2007-05-08,466.1300,468.1700,464.7300,466.8100,5804300
2007-05-07,472.1400,472.8200,466.4700,467.2700,6034100
2007-05-04,470.1200,474.8400,465.8800,471.1200,7892100
2007-05-03,466.2200,474.0700,465.2900,473.2300,7181200
2007-05-02,468.6500,471.0800,465.7300,465.7800,6119200
2007-05-01,472.1900,472.8100,464.1700,469.0000,7309000
2007-04-30,479.1500,481.3500,471.3800,471.3800,7275100
2007-04-27,480.0700,482.4000,478.3300,479.0100,5845500
2007-04-26,478.1000,484.4500,477.1100,481.1800,8241500
2007-04-25,480.0000,481.3700,476.1100,477.9900,7925600
2007-04-24,478.6100,479.9800,475.5500,477.5300,7382000
2007-04-23,480.1000,485.0000,478.2600,479.0800,11337800
2007-04-20,490.5200,492.5000,482.0200,482.4800,24298600
2007-04-19,474.5000,481.9500,469.5900,471.6500,21997100
2007-04-18,471.2600,479.9000,469.5300,476.0100,11329600
2007-04-17,473.8000,476.3900,471.6000,472.8000,6413700
2007-04-16,468.4566,476.9900,468.1500,474.2700,10145600
2007-04-13,468.4500,468.7700,463.3600,466.2900,5584000
2007-04-12,464.0000,468.0000,462.2400,467.3900,5410300
2007-04-11,466.0600,469.4000,462.6100,464.5300,7616300
2007-04-10,467.0900,470.7900,465.1600,466.5000,5952600
2007-04-09,472.9800,473.0000,465.5900,468.2100,6118000
2007-04-05,471.3000,472.0900,469.6200,471.5100,5426100
2007-04-04,472.1400,473.0000,469.5800,471.0200,7550000
2007-04-03,464.0500,474.2500,464.0000,472.6000,12990500
2007-04-02,457.7600,458.5300,452.1200,458.5300,6890100
2007-03-30,462.1000,463.4000,456.1400,458.1600,6753600
2007-03-29,464.5500,466.0000,455.0000,460.9200,7969000
2007-03-28,461.8700,465.4400,460.1500,461.8800,9174000
2007-03-27,463.5500,465.2300,460.3400,463.6200,7474900
2007-03-26,460.5500,465.0000,455.6200,465.0000,9411100
2007-03-23,461.4500,463.3900,457.0800,461.8300,8214300
2007-03-22,455.6100,462.1700,452.5300,462.0400,11350000
2007-03-21,445.3000,456.5700,445.2150,456.5500,11585000
2007-03-20,445.7900,447.6000,443.6000,445.2800,6836100
2007-03-19,443.2500,448.5000,440.6300,447.2300,10385000
2007-03-16,445.6500,446.7000,439.8900,440.8500,11306800
2007-03-15,447.8600,449.8220,443.9400,446.1900,7880500
2007-03-14,443.2300,448.6600,439.0000,448.0000,16017700
2007-03-13,450.1100,451.9300,442.8300,443.0300,12741800
2007-03-12,452.5700,455.2500,451.1100,454.7500,6923800
2007-03-09,458.0000,458.4000,450.1000,452.9600,9945400
2007-03-08,459.2200,465.5000,454.1000,454.7200,10714800
2007-03-07,462.6900,463.1400,454.2900,455.6400,13055100
2007-03-06,447.4700,459.0000,447.3800,457.5500,15052300
2007-03-05,437.0200,445.5000,437.0000,440.9450,12697400
2007-03-02,445.1100,448.7000,438.6800,438.6800,13154000
2007-03-01,442.6700,452.4200,440.0000,448.2300,17353000
2007-02-28,450.4100,453.6700,443.0400,449.4500,16048500
2007-02-27,455.0000,459.8000,447.1700,448.7700,18606900
2007-02-26,472.8300,475.2500,463.7500,464.9300,7931800
2007-02-23,475.7500,476.9500,467.8000,470.6200,7757400
2007-02-22,478.6900,484.2400,474.3900,475.8500,11476300
2007-02-21,469.8400,478.6800,467.7400,475.8600,11269900
2007-02-20,468.4700,472.7500,464.7100,472.1000,8127000
2007-02-16,462.8000,470.1500,462.0600,469.9400,12341600
2007-02-15,466.0000,466.1300,460.7200,461.4700,8076700
2007-02-14,460.0000,469.1300,459.2200,465.9300,11386200
2007-02-13,459.1550,462.7800,457.2600,459.1000,8117000
2007-02-12,460.6800,462.3900,455.0200,458.2900,11497400
2007-02-09,471.6500,472.6800,461.5000,461.8900,9707400
2007-02-08,468.0500,473.7500,465.1500,471.0300,8145200
2007-02-07,473.8200,474.3500,468.7800,470.0100,8231300
2007-02-06,468.1000,473.3000,467.2600,471.4800,10633100
2007-02-05,477.5000,478.0000,466.1900,467.1600,14399300
2007-02-02,482.6100,485.0000,477.8100,481.5000,12560400
2007-02-01,506.0000,506.0100,481.5300,481.7500,31286000
2007-01-31,496.4900,505.0000,495.5100,501.5000,24387700
2007-01-30,494.0000,498.0000,491.2200,494.3200,8352600
2007-01-29,498.0000,498.7500,490.5000,492.4700,9541800
2007-01-26,490.9300,497.9000,487.0300,495.8400,10982000
2007-01-25,501.0000,504.5000,485.6600,488.0900,12724200
2007-01-24,484.4450,499.5400,483.2900,499.0700,12106400
2007-01-23,480.7900,484.7500,477.2900,479.0500,9321600
2007-01-22,492.5000,492.6500,478.5000,480.8400,10797700
2007-01-19,487.9800,490.7600,486.7400,489.7500,9946600
2007-01-18,494.5200,496.4800,487.4300,487.8300,11852100
2007-01-17,503.3950,507.7700,494.3800,497.2800,13384800
2007-01-16,507.5500,513.0000,503.3000,504.2800,15122600
2007-01-12,501.9900,505.0000,500.0000,505.0000,8938400
2007-01-11,497.2000,501.7500,496.1800,499.7200,14401900
2007-01-10,484.4300,493.5500,482.0400,489.4600,11925000
2007-01-09,485.4500,488.2500,481.2000,485.5000,10752000
2007-01-08,487.6900,489.8700,482.2000,483.5800,9499200
2007-01-05,482.5000,487.5000,478.1100,487.1900,13730400
2007-01-04,469.0000,483.9500,468.3500,483.2600,15759400
2007-01-03,466.0000,476.6600,461.1100,467.5900,15397500
2006-12-29,462.1000,464.4700,459.8600,460.4800,5113200
2006-12-28,467.1200,468.5800,462.2500,462.5600,6226100
2006-12-27,460.0000,468.0800,459.1000,468.0300,8454500
2006-12-26,456.5200,459.4700,454.5900,457.5300,4144400
2006-12-22,457.5000,458.6400,452.7300,455.5800,7968600
2006-12-21,464.1850,465.2500,452.3405,456.2000,13892600
2006-12-20,470.0000,471.5000,462.3300,462.9000,8726800
2006-12-19,461.7200,469.3100,458.5000,468.6300,13160800
2006-12-18,482.5050,482.7400,460.7200,462.8000,16017100
2006-12-15,482.6350,484.1100,479.8400,480.3000,10371200
2006-12-14,480.2500,483.7500,477.2600,482.1200,9488300
2006-12-13,484.6900,485.5000,477.0200,478.9900,9314800
2006-12-12,483.8500,486.3600,480.2800,481.7800,8353600
2006-12-11,484.9200,488.9000,483.8000,483.9300,6520200
2006-12-08,481.9400,488.6000,480.0000,484.1100,7941800
2006-12-07,490.2300,491.8000,482.4200,482.6400,9319200
2006-12-06,486.9600,492.4000,484.5200,488.7100,8891600
2006-12-05,487.4000,489.4400,484.8900,487.0000,8197700
2006-12-04,483.0000,487.4300,479.3500,484.8500,9790000
2006-12-01,485.9800,488.3900,478.5000,480.8000,11251500
2006-11-30,484.1900,490.4000,481.5500,484.8100,11143800
2006-11-29,494.2400,494.7400,482.2500,484.6500,12617900
2006-11-28,481.1300,489.8600,477.0300,489.5000,15579600
2006-11-27,501.3700,501.7800,484.7500,484.7500,14634700
2006-11-24,504.5000,507.5000,504.0000,505.0000,3461900
2006-11-22,510.9700,513.0000,505.7800,508.0100,8992300
2006-11-21,496.5400,510.0000,495.8300,509.6500,16838100
2006-11-20,498.4000,498.4000,492.6500,495.0500,10238700
2006-11-17,493.2500,499.6600,493.0000,498.7900,11010900
2006-11-16,495.0000,497.6800,492.5600,495.9000,10175000
2006-11-15,493.4300,499.8500,491.9300,491.9300,16724600
2006-11-14,480.7000,489.9500,480.5000,489.3000,14432300
2006-11-13,474.9000,481.1700,474.1400,481.0300,8675100
2006-11-10,473.7800,474.7200,470.2900,473.5500,5587800
2006-11-09,476.5000,479.4900,471.8600,472.6300,9748600
2006-11-08,470.3500,481.7400,468.6000,475.0000,15914000
2006-11-07,476.9550,479.0200,471.7700,472.5700,9784400
2006-11-06,473.7700,479.6600,472.3300,476.9500,9973000
2006-11-03,472.2300,473.7500,465.0615,471.7980,9805500
2006-11-02,467.5000,473.7300,466.3800,469.9100,10462900
2006-11-01,478.7550,479.1300,465.2600,467.5000,10841700
2006-10-31,478.0600,482.1600,473.8400,476.3900,12558200
2006-10-30,474.8200,480.4600,470.0100,476.5700,13113000
2006-10-27,483.9010,485.2400,472.4900,475.2000,13194700
2006-10-26,487.6800,491.9600,484.2000,485.1000,14049300
2006-10-25,477.4900,488.5000,475.1100,486.6010,18356600
2006-10-24,476.2800,477.8600,471.4100,473.3100,17303000
2006-10-23,462.2800,484.6400,460.3700,480.7800,30178700
2006-10-20,458.9900,460.1000,453.5900,459.6700,23272500
2006-10-19,420.2300,454.9100,419.5700,426.0600,22983900
2006-10-18,422.9950,424.7500,417.5000,419.3100,12022500
2006-10-17,420.3000,423.7500,416.7020,420.6400,10411500
2006-10-16,427.7000,429.2000,421.3400,421.7500,8630100
2006-10-13,427.7600,429.5000,425.5600,427.3000,7237700
2006-10-12,428.5600,429.6800,424.0000,427.4400,9678300
2006-10-11,425.0200,429.9100,423.7600,426.5000,11259500
2006-10-10,431.5600,437.8500,422.3900,426.6500,19557600
2006-10-09,424.8000,431.9500,423.4200,429.0000,15151400
2006-10-06,410.2200,421.9100,409.7501,420.5000,14658300
2006-10-05,414.7000,418.2400,410.8600,411.8100,11568000
2006-10-04,404.9700,415.7700,403.0500,415.7000,13310200
2006-10-03,401.2900,406.4600,398.1900,404.0400,10918400
2006-10-02,401.9000,406.0000,400.8000,401.4400,7296400
2006-09-29,405.1250,405.6200,401.4100,401.9000,6615100
2006-09-28,404.0800,406.9800,400.5400,403.5800,10204500
2006-09-27,406.3000,411.2200,402.3700,402.9200,11741600
2006-09-26,405.5000,407.6800,401.7700,406.8700,10568200
2006-09-25,405.5800,409.4500,402.5000,403.9800,11463100
2006-09-22,404.9800,407.4500,401.3600,403.7800,9289900
2006-09-21,400.3000,408.4500,399.8600,406.8500,21362800
2006-09-20,407.1000,407.3900,394.6200,397.0000,18277300
2006-09-19,415.4600,415.4900,392.7400,403.8100,28557200
2006-09-18,410.0000,418.6900,409.4700,414.6900,14199100
2006-09-15,407.4800,410.0500,406.7400,409.8800,15660700
2006-09-14,404.3000,406.2800,401.9300,403.9800,10721400
2006-09-13,395.1500,406.7600,395.1000,406.5700,19516800
2006-09-12,385.0000,392.7300,384.8800,391.9000,10873500
2006-09-11,378.2600,384.6900,377.7700,384.0900,9049300
2006-09-08,376.7200,380.7900,376.7200,377.8500,6160600
2006-09-07,379.3900,381.7500,377.4000,378.4900,7676300
2006-09-06,382.1000,383.1900,379.6600,380.1400,7440700
2006-09-05,379.8700,385.4000,377.4400,384.3600,8140400
2006-09-01,380.9950,381.2800,377.1900,378.6000,5340400
2006-08-31,381.4941,382.1500,378.2000,378.5300,5913800
2006-08-30,379.2100,384.6500,378.5100,380.7500,8080700
2006-08-29,380.7800,382.3200,377.2000,378.9500,8911000
2006-08-28,375.6100,380.9500,375.0000,380.9500,8319600
2006-08-25,373.0800,375.3200,372.5000,373.2600,4928400
2006-08-24,374.4400,376.4000,372.2600,373.7300,6958000
2006-08-23,377.6400,378.2700,372.6600,373.4300,7277300
2006-08-22,377.7341,379.2600,374.8400,378.2900,8319800
2006-08-21,378.1000,379.0000,375.2200,377.3000,8038500
2006-08-18,386.3100,387.0900,380.7500,383.3600,9894400
2006-08-17,386.3900,390.0000,383.9200,385.8000,10150200
2006-08-16,383.4800,388.4500,382.1200,387.7200,11694600
2006-08-15,374.1100,381.6699,372.6000,380.9700,13383000
2006-08-14,371.5000,375.1300,368.6700,369.4300,9926600
2006-08-11,373.8800,375.2800,368.0000,368.5000,7525400
2006-08-10,373.8800,377.6700,372.4600,374.2000,8515200
2006-08-09,382.8000,384.6800,376.3600,376.9400,8613300
2006-08-08,382.8200,384.5000,379.0900,381.0000,11474900
2006-08-07,371.5000,379.7300,371.1500,377.9500,7885900
2006-08-04,379.5600,380.6800,371.7500,373.8500,10180200
2006-08-03,364.9800,377.9100,363.3600,375.3900,12641300
2006-08-02,375.6000,377.1700,365.2000,367.2300,14181400
2006-08-01,385.1100,385.7700,375.5100,375.5100,10915400
2006-07-31,388.0000,389.1700,383.3100,386.6000,9181400
2006-07-28,382.0000,389.5600,381.7300,388.1200,8159000
2006-07-27,387.3700,387.4900,377.9500,382.4000,11270900
2006-07-26,388.2000,391.9100,383.0000,385.5000,11052700
2006-07-25,385.0200,391.3100,383.8000,389.3600,11510600
2006-07-24,392.8200,393.8900,381.2100,390.9000,16156000
2006-07-21,386.1400,391.7500,377.6900,390.1080,23485600
2006-07-20,404.2800,404.4400,385.6600,387.1200,25052300
2006-07-19,395.0100,401.1400,394.6600,399.0000,17019900
2006-07-18,409.7500,410.5700,397.7400,403.0500,17056500
2006-07-17,404.6250,411.0000,403.7200,407.8900,11612100
2006-07-14,410.3300,411.4900,398.6100,403.5000,15089000
2006-07-13,414.0000,418.3400,406.8300,408.8300,13835100
2006-07-12,422.0900,422.7400,416.7300,417.2500,9803500
2006-07-11,418.5050,425.0500,413.0300,424.5600,11930600
2006-07-10,423.4400,425.2300,416.3800,418.2000,8863900
2006-07-07,426.0500,427.8900,415.8800,420.4500,12071700
2006-07-06,423.3750,425.3800,421.9800,423.1900,7366800
2006-07-05,421.5200,422.8000,415.6400,421.4600,9961200
2006-07-03,420.0400,423.7700,419.4500,423.2000,4309000
2006-06-30,415.6000,419.3300,412.3300,419.3300,12503400
2006-06-29,407.9900,418.2000,405.8200,417.8100,13303000
2006-06-28,404.0100,406.4800,401.1300,406.1100,7413500
2006-06-27,405.7100,408.0000,401.0100,402.3200,8205900
2006-06-26,406.7500,408.3000,403.2500,404.2200,7095200
2006-06-23,402.7600,409.7500,400.7400,404.8600,10618900
2006-06-22,401.5800,406.0000,388.0000,399.9500,11811900
2006-06-21,391.0600,404.0000,389.7500,402.1300,17471300
2006-06-20,388.0300,391.8700,386.5100,387.1700,8071700
2006-06-19,390.8500,394.8000,386.9800,388.1400,15250900
2006-06-16,389.1000,390.9300,388.0000,390.7000,10598500
2006-06-15,386.6200,392.2500,383.0000,391.0000,13557800
2006-06-14,389.8300,391.1000,378.5200,384.3900,15528400
2006-06-13,380.9000,387.0000,378.1200,386.5250,15302800
2006-06-12,386.8500,390.4900,381.0000,381.5400,10028100
2006-06-09,392.1900,395.4300,387.2500,388.2904,12302600
2006-06-08,387.7500,394.2700,378.5900,393.3000,20698200
2006-06-07,393.2400,394.8600,386.5000,386.5100,17804700
2006-06-06,376.5850,390.0000,376.3000,389.9900,20499000
2006-06-05,376.1800,381.4500,374.1500,374.4400,11105800
2006-06-02,386.8400,387.0800,377.4500,379.4400,12760000
2006-06-01,373.5400,382.9900,371.6000,382.6200,12543400
2006-05-31,373.8022,378.2500,366.7800,371.8200,15946600
2006-05-30,378.2800,381.0000,371.4500,371.9400,8623300
2006-05-26,384.5500,385.8800,380.0300,381.3500,7326600
2006-05-25,379.0800,383.0000,372.3100,382.9900,16372800
2006-05-24,377.3500,383.4400,371.6100,381.2500,19088400
2006-05-23,374.2100,383.8800,373.5600,375.5800,17948000
2006-05-22,367.8500,373.0300,365.2500,370.9500,17191500
2006-05-19,373.2800,374.5000,360.5700,370.0200,22773600
2006-05-18,378.7800,381.8100,370.7100,370.9900,11658300
2006-05-17,370.6100,379.8400,370.2200,374.5000,21266300
2006-05-16,375.9900,376.8600,369.8900,371.3000,12969200
2006-05-15,375.9300,380.1500,368.2500,376.2000,17163000
2006-05-12,383.5000,384.8700,373.5500,374.1300,20155000
2006-05-11,403.4200,404.7100,384.9800,387.0000,17767800
2006-05-10,408.3100,411.7100,401.8600,402.9800,12362000
2006-05-09,395.7000,409.0000,393.7500,408.8000,18262900
2006-05-08,395.1100,397.1200,390.0500,394.7800,10226900
2006-05-05,397.6000,400.6800,391.7800,394.3000,12117800
2006-05-04,395.0300,398.8700,392.2100,394.7500,9294600
2006-05-03,396.5500,401.5000,390.8800,394.1700,16128200
2006-05-02,401.0000,402.4900,388.4000,394.8000,26182300
2006-05-01,417.8500,419.4400,398.5500,398.9000,20701600
2006-04-28,417.7300,425.7300,416.3000,417.9400,14827700
2006-04-27,422.7700,426.9100,419.3900,420.0300,16659100
2006-04-26,428.7000,430.0400,423.5300,425.9700,14541000
2006-04-25,439.4300,441.0400,426.0000,427.1600,19118800
2006-04-24,439.3400,444.7000,436.5200,440.5000,17655100
2006-04-21,450.0000,450.7200,436.1700,437.1000,45057400
2006-04-20,411.9000,436.9900,408.2000,415.0000,24518400
2006-04-19,412.3700,413.6400,406.7300,410.5000,13549800
2006-04-18,407.5400,409.8300,401.5000,404.2400,16258900
2006-04-17,403.7800,412.5000,400.8400,406.8200,16502400
2006-04-13,408.8100,409.7600,400.5000,402.1600,13092600
2006-04-12,409.1500,411.3300,405.1900,408.9500,12021900
2006-04-11,416.3800,419.1000,406.2200,409.6600,22192100
2006-04-10,407.6100,417.1700,405.2500,416.3800,18621500
2006-04-07,412.5600,412.8500,404.0200,406.1600,14037700
2006-04-06,407.0000,413.8900,405.4300,411.1800,17179800
2006-04-05,407.7000,414.5700,402.8200,407.9900,26794100
2006-04-04,390.0000,404.9000,388.1400,404.3400,31399900
2006-04-03,389.7500,392.4700,387.9300,389.7000,16229100
2006-03-31,388.7500,391.8700,384.0300,390.0000,72969700
2006-03-30,389.2200,393.5000,383.6100,388.4400,29393900
2006-03-29,380.0000,399.0000,379.5100,394.9800,38016900
2006-03-28,372.0000,377.8600,371.1700,377.2000,17873700
2006-03-27,367.2500,371.7100,365.0000,369.6900,14033300
2006-03-24,368.5200,370.0900,362.5100,365.8000,30330800
2006-03-23,342.2700,345.7500,340.2000,341.8900,14854500
2006-03-22,339.9100,344.1000,337.5000,340.2200,15176800
2006-03-21,349.9700,351.6600,339.0800,339.9200,19642500
2006-03-20,342.0100,350.0900,341.5400,348.1900,20794300
2006-03-17,338.9400,341.7800,334.9300,339.7900,17086200
2006-03-16,348.7000,348.7500,337.9000,338.7700,20013300
2006-03-15,350.8700,352.3000,340.5300,344.5000,25512000
2006-03-14,336.5900,352.3700,332.6200,351.1600,36864400
2006-03-13,339.7200,346.1000,335.4500,337.0600,27257500
2006-03-10,343.5000,344.5000,331.5500,337.5000,38612500
2006-03-09,355.4700,358.5300,341.5000,343.0000,27792900
2006-03-08,353.7800,360.0300,350.5411,353.8800,23467700
2006-03-07,364.4200,368.4500,358.1500,364.4500,20736800
2006-03-06,380.6600,383.4000,367.1400,368.1000,17861500
2006-03-03,384.3000,387.2400,375.7600,378.1800,23900000
2006-03-02,364.4200,381.1000,362.2000,376.4500,36623900
2006-03-01,369.0000,369.4500,361.3000,364.8000,24098200
2006-02-28,392.6500,397.5400,338.5100,362.6200,78796300
2006-02-27,381.2000,391.7000,380.2800,390.3750,20403900
2006-02-24,377.3000,380.0700,373.4900,377.4000,12955600
2006-02-23,365.4100,381.2400,365.3900,378.0700,25078000
2006-02-22,367.1500,368.9500,363.8600,365.4900,12939400
2006-02-21,366.3200,373.5400,365.1100,366.5900,17354600
2006-02-17,369.9900,372.1400,363.6200,368.7500,28611700
2006-02-16,345.8600,367.0000,344.4900,366.4600,42588300
2006-02-15,341.4000,346.0000,337.8300,342.3800,25868100
2006-02-14,345.3000,351.6900,342.4000,343.3200,29278600
2006-02-13,344.3000,350.6000,341.8900,345.7000,39396100
2006-02-10,362.0000,364.5000,353.1400,362.6100,30416500
2006-02-09,371.4500,374.4000,356.1100,358.7700,23800900
2006-02-08,368.2400,370.6900,354.6700,369.0800,41566500
2006-02-07,383.1400,383.7000,363.3450,367.9200,33227100
2006-02-06,385.2500,389.9000,379.5600,385.1000,17862900
2006-02-03,393.7900,393.9000,372.5700,381.5550,36527000
2006-02-02,403.9300,406.5000,395.9800,396.0400,23591700
2006-02-01,389.8600,402.0000,387.5200,401.7800,54190700
2006-01-31,430.6600,439.6000,423.9730,432.6601,44087800
2006-01-30,429.3900,433.2800,425.0000,426.8200,17160600
2006-01-27,435.2200,438.2200,428.9800,433.4900,16887400
2006-01-26,439.5400,439.9900,423.5600,434.2650,25826300
2006-01-25,451.2600,454.2300,429.2200,433.0000,37442100
2006-01-24,436.0300,444.9500,434.4800,443.0300,30898200
2006-01-23,407.3800,428.3900,405.7300,427.5000,45437300
2006-01-20,437.5000,440.0300,394.7400,399.4601,82151100
2006-01-19,451.1700,453.4900,433.0000,436.4450,29045500
2006-01-18,447.3000,457.3600,443.2500,444.9099,40930400
2006-01-17,464.2100,469.9000,462.5300,467.1100,16524000
2006-01-13,464.3100,466.8900,461.6100,466.2500,15297800
2006-01-12,473.7200,474.9900,461.5000,463.6300,20230300
2006-01-11,471.2700,475.1100,469.1800,471.6300,17996700
2006-01-10,464.4200,470.2500,462.0400,469.7600,18176000
2006-01-09,466.1500,473.4000,460.9400,466.9001,25558200
2006-01-06,456.8700,470.5000,453.2400,465.6600,35478200
2006-01-05,446.0000,451.5500,441.5000,451.2400,21594900
2006-01-04,443.9000,448.9600,439.7500,445.2400,30542200
2006-01-03,422.5200,435.6700,418.2200,435.2300,26216100
2005-12-30,417.2700,418.2100,413.7400,414.8600,15159000
2005-12-29,427.9800,428.7300,419.1700,420.1500,13877700
2005-12-28,424.1200,427.7800,421.2600,426.6900,14221500
2005-12-27,431.8600,431.8600,422.7600,424.6400,13392100
2005-12-23,432.1500,432.5000,428.7800,430.9300,9181000
2005-12-22,431.7650,432.8600,425.9300,432.0400,15078100
2005-12-21,433.5500,436.8600,420.7100,426.3300,22421300
2005-12-20,427.8600,432.2000,424.6700,429.7400,20149200
2005-12-19,432.2000,446.2100,420.1100,424.6000,43829700
2005-12-16,425.3400,432.5000,422.7500,430.1500,32628300
2005-12-15,419.1100,423.1400,416.5000,422.5300,12079500
2005-12-14,417.0400,419.7300,415.4900,418.9600,13247500
2005-12-13,413.0000,418.0000,411.6400,417.4900,16311200
2005-12-12,414.6300,415.2100,409.9500,412.6120,13886200
2005-12-09,415.0000,415.7800,408.5600,409.2000,15271500
2005-12-08,405.3000,410.6500,402.6400,410.6500,17802100
2005-12-07,406.1600,406.7000,399.0100,404.2200,23308400
2005-12-06,408.7000,416.4100,401.7000,404.5400,30220300
2005-12-05,417.0000,417.5000,404.2800,405.8500,20558200
2005-12-02,416.9400,419.5300,413.8600,417.7000,15071900
2005-12-01,409.2000,415.4400,408.2900,414.0901,19470300
2005-11-30,404.4800,408.4500,395.5600,404.9125,31162000
2005-11-29,424.1400,426.4000,402.1400,403.5400,42948600
2005-11-28,429.8200,431.2400,422.4400,423.4800,21994700
2005-11-25,425.7800,428.7500,425.3000,428.6200,9670500
2005-11-23,417.0400,424.7200,415.7800,422.8600,20149800
2005-11-22,408.6500,417.3100,406.2300,416.4700,19172800
2005-11-21,399.1700,409.9800,393.4900,409.3600,20649500
2005-11-18,403.6200,404.5000,399.8500,400.2100,14037100
2005-11-17,401.8000,403.8100,399.5300,403.4500,18405900
2005-11-16,396.2000,398.8500,394.1100,398.1500,17373000
2005-11-15,394.3800,397.0000,390.9500,392.8000,17232500
2005-11-14,392.1200,398.2200,391.5300,396.9700,15600100
2005-11-11,395.1200,396.9000,388.8500,390.4000,14113600
2005-11-10,378.3600,391.3500,377.4300,391.1000,18239100
2005-11-09,386.6700,388.2900,378.0300,379.1500,20912800
2005-11-08,394.2500,395.5900,388.5800,389.9000,15779200
2005-11-07,395.1000,397.4700,392.1500,395.0300,19163800
2005-11-04,389.7200,391.7900,385.4500,390.4300,17632100
2005-11-03,382.4100,386.5800,381.3800,385.9500,14881900
2005-11-02,381.7000,385.0000,377.1700,379.6800,21109600
2005-11-01,371.8600,383.9000,369.0100,379.3800,32679400
2005-10-31,360.2400,374.7500,359.5100,372.1400,28657100
2005-10-28,355.2700,358.9500,355.0200,358.1700,11795100
2005-10-27,356.6000,357.0900,351.6800,353.0600,10258500
2005-10-26,346.2800,356.0000,346.1900,355.4400,17797100
2005-10-25,345.7800,347.4000,342.8600,346.9100,13742800
2005-10-24,343.3700,349.3000,342.1900,348.6500,18844500
2005-10-21,345.8000,346.4300,333.0000,339.9000,45739000
2005-10-20,309.9900,311.1300,301.2100,303.2000,27795500
2005-10-19,304.0000,309.8700,303.9600,308.7000,14007300
2005-10-18,304.9600,307.9600,302.7400,303.2800,14141400
2005-10-17,297.5000,305.2000,294.5600,305.0000,15118200
2005-10-14,299.2600,300.2300,292.5400,296.1400,17021100
2005-10-13,302.0000,302.0000,290.6850,297.4400,21114200
2005-10-12,305.2000,307.1900,299.0000,300.9700,18593700
2005-10-11,311.1600,312.6500,304.8600,306.1000,17068100
2005-10-10,313.3100,314.8200,309.1500,310.6500,11133200
2005-10-07,314.7900,316.6700,310.5400,312.9900,13527000
2005-10-06,313.9800,314.4800,310.0900,312.7500,15971600
2005-10-05,312.6900,314.9000,308.0000,310.7100,16640100
2005-10-04,319.5800,321.2800,310.7400,311.0000,18270300
2005-10-03,313.6300,320.1100,312.7900,318.6800,18302200
2005-09-30,314.2200,317.5000,312.2900,316.4600,18284200
2005-09-29,306.6800,310.7200,306.0800,309.6200,11216300
2005-09-28,314.2200,315.1000,305.6000,306.0000,15978800
2005-09-27,314.9500,318.4100,313.3800,313.9400,13732400
2005-09-26,319.5000,320.9500,312.5600,314.2800,19769000
2005-09-23,313.0000,317.2100,312.5900,315.3600,16950600
2005-09-22,311.4900,319.2200,310.1700,311.3700,25986700
2005-09-21,308.4100,313.7600,305.9600,311.9000,20219100
2005-09-20,306.1500,311.3000,305.2300,307.9100,18683200
2005-09-19,301.0000,306.0000,300.7100,303.7900,11512200
2005-09-16,304.0200,304.5000,299.8700,300.2000,15144400
2005-09-15,299.8000,306.7500,297.9100,302.6200,30901400
2005-09-14,308.7300,313.2800,300.3000,303.0000,22529000
2005-09-13,308.7400,315.5300,306.1700,311.6800,20579200
2005-09-12,301.7500,311.4200,301.0000,309.7400,20752200
2005-09-09,297.2800,299.1000,296.5600,299.0900,8772200
2005-09-08,294.8300,299.2800,293.3600,295.3900,13213300
2005-09-07,285.8900,295.5000,285.2800,294.8700,14984000
2005-09-06,289.0000,289.3900,286.8000,287.1100,8416100
2005-09-02,286.5100,289.9900,286.4400,288.4500,6862100
2005-09-01,285.9100,287.5000,285.0000,286.2500,5478700
2005-08-31,288.2300,288.5000,284.3600,286.0000,10057900
2005-08-30,287.2200,289.5100,285.8800,287.2700,9574400
2005-08-29,282.2400,289.1200,282.2400,288.4500,11794100
2005-08-26,283.4800,285.0200,282.6600,283.5800,7503000
2005-08-25,282.5500,284.0000,279.9700,282.5900,8744400
2005-08-24,277.5700,284.7500,276.4500,282.5700,17169000
2005-08-23,276.1600,279.7400,274.1200,279.5800,11631700
2005-08-22,281.2400,281.4700,273.3500,274.0100,13612300
2005-08-19,280.9900,281.4500,279.6200,280.0000,11074700
2005-08-18,275.9100,280.5000,275.0000,279.9900,23721800
2005-08-17,285.5100,286.5700,284.0000,285.1000,7758800
2005-08-16,284.8800,287.7900,283.3400,285.6500,14204100
2005-08-15,289.9800,292.7700,283.7700,284.0000,16333000
2005-08-12,283.3600,290.2000,281.6400,289.7210,13158600
2005-08-11,285.8900,286.5800,280.6200,284.0500,15014700
2005-08-10,291.3000,292.3300,284.8800,285.6800,13744200
2005-08-09,291.9600,292.6800,288.5100,291.5700,11547000
2005-08-08,293.6000,295.6500,290.4900,291.2500,8954600
2005-08-05,297.5000,298.5100,291.3100,292.3500,11867500
2005-08-04,295.5500,299.0000,295.2500,297.7300,10462500
2005-08-03,298.0000,299.7200,295.6000,297.3000,11849300
2005-08-02,291.6000,299.5200,291.1200,299.1900,14565800
2005-08-01,288.4800,292.5000,288.1000,291.6099,11313400
2005-07-29,292.1400,292.8400,286.9900,287.7600,16709800
2005-07-28,297.2000,297.4100,293.2800,293.5000,11839300
2005-07-27,297.7400,298.2300,292.4000,296.9300,14421300
2005-07-26,295.0100,298.0000,292.0900,296.0900,19614100
2005-07-25,302.3900,303.2900,294.9600,295.8500,19298200
2005-07-22,306.3700,309.2500,296.3300,302.4000,46726800
2005-07-21,314.0500,317.8000,311.2100,313.9400,39539200
2005-07-20,305.5700,312.6088,301.8000,312.0000,28592100
2005-07-19,302.2600,310.3500,301.8000,309.9000,25217500
2005-07-18,300.0000,301.9000,297.7500,299.5400,12403100
2005-07-15,301.2400,303.4000,299.7800,301.1900,16859900
2005-07-14,305.3400,306.7500,300.0700,300.8900,21314000
2005-07-13,292.5100,299.2400,292.1000,298.8600,22852900
2005-07-12,293.3900,294.4000,290.9300,291.7840,11718000
2005-07-11,296.4000,296.6000,291.0200,293.3500,16763800
2005-07-08,296.2500,297.5000,294.0500,296.2300,14900200
2005-07-07,289.3900,295.8000,288.5100,295.5400,21322800
2005-07-06,297.3000,297.6000,291.3800,291.5250,15984500
2005-07-05,292.0000,295.9800,290.2300,295.7100,14973000
2005-07-01,295.0400,296.2400,289.2200,291.2500,18436700
2005-06-30,294.3400,298.9300,291.0400,294.1500,30158600
2005-06-29,302.5000,304.3800,292.1500,292.7200,36560800
2005-06-28,306.2800,309.2500,302.0000,302.0000,38034900
2005-06-27,298.9000,304.4700,293.8600,304.1000,35570100
2005-06-24,290.9000,298.0000,289.5800,297.2500,35506800
2005-06-23,288.0000,294.8100,286.5000,289.7100,28084600
2005-06-22,289.6700,292.3200,288.6700,289.3000,20927000
2005-06-21,288.1800,290.3000,284.9700,287.8400,30234300
2005-06-20,276.0800,287.6720,271.7300,286.7000,42007300
2005-06-17,279.0000,280.3000,275.9000,280.3000,20847900
2005-06-16,274.2600,278.3000,273.0700,277.4400,24899800
2005-06-15,275.0000,277.3000,267.4300,274.8000,41724400
2005-06-14,278.5900,281.2400,277.7500,278.3500,20163600
2005-06-13,279.8200,284.1900,276.5200,282.7500,25580700
2005-06-10,286.9900,287.2800,280.0200,282.5000,25367800
2005-06-09,284.7200,288.5000,280.5600,286.3100,32849300
2005-06-08,292.8500,293.1900,278.0000,279.5600,51350300
2005-06-07,297.1000,299.5900,290.3000,293.1200,48597300
2005-06-06,282.3900,293.7500,281.8300,290.9400,45006700
2005-06-03,286.7900,289.3000,277.4100,280.2600,37527000
2005-06-02,288.7300,289.7800,284.6000,287.9000,35912200
2005-06-01,283.2000,292.8900,282.0200,288.0000,70313000
2005-05-31,269.5600,278.4000,269.3700,277.2700,44429100
2005-05-27,260.4800,266.0500,259.2500,266.0000,24343800
2005-05-26,260.9600,263.7600,258.3000,259.2000,27066100
2005-05-25,252.7300,260.9800,250.6300,260.8100,36079600
2005-05-24,256.9600,265.4400,253.5000,256.0000,58028100
2005-05-23,243.1600,258.1000,242.7100,255.4500,42733800
2005-05-20,241.2100,241.6700,239.6500,241.6100,16310600
2005-05-19,240.4800,241.1700,238.2700,239.1800,19413500
2005-05-18,233.6100,239.9700,233.5200,239.1600,24599300
2005-05-17,230.5600,233.4500,230.2000,233.1300,15602100
2005-05-16,229.6800,231.6200,228.5700,231.0500,11351400
2005-05-13,229.1800,231.0900,227.3200,229.2400,14816100
2005-05-12,230.8100,232.2300,228.2000,228.7200,17878500
2005-05-11,228.9000,231.9800,227.9300,231.2900,22934600
2005-05-10,225.4700,227.8000,224.7200,227.8000,12678900
2005-05-09,228.0000,228.5000,225.4300,226.0200,11062500
2005-05-06,228.4000,229.2500,226.4700,228.0200,13514200
2005-05-05,228.6200,228.6200,225.8800,226.9800,15004100
2005-05-04,227.1800,229.8800,226.9990,228.5000,24142800
2005-05-03,221.5400,228.1500,221.3200,226.1900,35524800
2005-05-02,222.0500,223.7000,220.2100,222.2900,19515200
2005-04-29,221.9100,222.2500,217.8200,220.0000,18322000
2005-04-28,219.5000,222.0800,217.7100,219.4500,17348200
2005-04-27,217.9900,220.8500,216.7400,219.7800,20509000
2005-04-26,220.2200,222.0000,218.2900,218.7500,34509400
2005-04-25,217.8200,224.7400,217.5200,223.5300,39640300
2005-04-22,222.9050,224.0000,214.2600,215.8100,66343700
2005-04-21,200.4200,205.0000,199.3200,204.7500,35468200
2005-04-20,198.5800,200.5000,195.9100,198.1000,30872000
2005-04-19,189.3300,192.0000,188.0300,191.4000,16843100
2005-04-18,184.5800,187.8800,183.4900,186.9700,13087400
2005-04-15,190.1000,190.3400,184.6600,185.0000,23131600
2005-04-14,193.2700,194.3600,190.1000,191.4500,12293000
2005-04-13,193.4700,194.3200,189.7300,192.9300,13098400
2005-04-12,193.0000,194.4200,189.4100,193.9550,14624500
2005-04-11,193.0900,194.8000,192.3200,193.2300,10810100
2005-04-08,193.6900,195.1000,191.4500,192.0500,10222900
2005-04-07,188.7800,194.6200,188.6400,193.7600,19365000
2005-04-06,189.2400,189.6500,187.5800,189.2200,10494600
2005-04-05,187.7300,190.2600,187.5700,188.5700,17455900
2005-04-04,179.9500,185.3200,179.8400,185.2900,16136600
2005-04-01,181.7600,182.9500,179.9900,180.0400,12351600
2005-03-31,177.9500,181.3900,177.6400,180.5100,13523600
2005-03-30,180.6400,181.4500,179.6000,180.4500,12459700
2005-03-29,181.0500,183.2800,178.0700,179.5700,12933000
2005-03-28,181.6800,184.8000,180.9500,181.4200,17458500
2005-03-24,180.2280,180.8600,179.2000,179.2500,7402900
2005-03-23,177.9700,180.2400,177.9700,178.9800,9680300
2005-03-22,181.1800,181.9400,177.8500,178.6000,11252100
2005-03-21,179.2700,182.1700,177.2500,180.8800,14952400
2005-03-18,178.8100,180.4000,178.3100,180.0400,14165800
2005-03-17,177.1300,179.6400,175.8000,179.2900,16504600
2005-03-16,176.7000,178.6100,175.0100,175.6000,14198300
2005-03-15,175.2500,180.0000,174.2100,178.6100,20823300
2005-03-14,178.3300,178.4000,172.5700,174.9900,22270900
2005-03-11,180.4400,180.9500,177.1500,177.8000,16040500
2005-03-10,181.0100,181.2000,177.4000,179.9800,21899000
2005-03-09,184.2100,184.6500,180.1600,181.3500,22698000
2005-03-08,189.1000,189.8500,184.9700,185.2000,16076100
2005-03-07,187.7800,189.6000,187.0300,188.8100,17317400
2005-03-04,186.7000,187.2500,185.0700,185.9000,13534600
2005-03-03,186.1300,187.7500,184.3100,187.0050,15201900
2005-03-02,185.9500,187.6700,184.3600,185.1800,14556400
2005-03-01,189.2900,189.7500,185.3900,186.0600,18603700
2005-02-28,186.0000,189.8700,185.8500,187.9900,15621100
2005-02-25,189.1500,189.9200,185.5100,185.8700,19927000
2005-02-24,183.3700,189.8500,182.2300,188.8900,51576900
2005-02-23,193.3000,194.4800,188.6600,193.9500,31140800
2005-02-22,196.5000,198.9000,190.3900,191.3700,26940400
2005-02-18,198.5100,198.8400,196.6600,197.9500,16954800
2005-02-17,197.8300,199.7500,196.8100,197.9000,20807900
2005-02-16,194.7000,199.3300,194.3000,198.4100,33031500
2005-02-15,193.6050,199.8400,193.0800,195.2300,51514000
2005-02-14,186.0800,193.0800,181.0000,192.9900,77047200
2005-02-11,186.6600,192.3200,186.0700,187.4000,26205700
2005-02-10,191.9700,192.2100,185.2500,187.9800,37927400
2005-02-09,200.7600,201.6000,189.4600,191.5800,34308600
2005-02-08,196.9600,200.0200,194.5300,198.6400,22937000
2005-02-07,205.2600,206.4000,195.5100,196.0300,25894800
2005-02-04,206.4700,207.7500,202.6000,204.3600,29608900
2005-02-03,205.9900,213.3700,205.8100,210.8600,25950200
2005-02-02,215.5500,216.8000,203.6600,205.9600,65533000
2005-02-01,194.3800,203.7500,190.6300,191.9000,37640300
2005-01-31,193.6900,196.3600,191.7200,195.6200,19174200
2005-01-28,190.1300,194.7000,186.3400,190.3400,24391900
2005-01-27,188.7600,188.8600,185.2000,188.0800,13241500
2005-01-26,179.2700,189.4100,179.1500,189.2400,24591100
2005-01-25,182.2000,182.2400,176.2900,177.1200,21297000
2005-01-24,188.6900,189.3300,180.3200,180.7200,28017300
2005-01-21,194.4400,195.3600,188.1200,188.2800,18498200
2005-01-20,192.5800,196.2500,192.0000,193.9200,17985100
2005-01-19,204.6400,205.3000,196.7100,197.3000,22492800
2005-01-18,200.8900,205.0200,198.6600,203.9000,26318800
2005-01-14,196.0000,200.0100,194.1300,199.9700,19261300
2005-01-13,195.3800,197.3900,194.0500,195.3300,13685100
2005-01-12,194.3300,195.9300,190.5000,195.3800,16339200
2005-01-11,195.6200,197.7100,193.1800,193.5400,13903400
2005-01-10,194.5000,198.1000,191.8300,195.0600,15064100
2005-01-07,190.6400,194.2500,188.7800,193.8500,19306400
2005-01-06,195.2500,195.9000,187.7200,188.5500,20753400
2005-01-05,193.4500,196.9000,192.2300,193.5100,16456700
2005-01-04,201.3300,202.9300,193.4800,194.5000,27484200
2005-01-03,197.4000,203.6400,195.4600,202.7100,31656700
2004-12-31,199.2300,199.8800,192.5600,192.7900,15321600
2004-12-30,192.9700,198.2300,191.8500,197.6000,11796700
2004-12-29,191.9700,193.5200,191.7800,192.9000,5350800
2004-12-28,192.1100,193.5500,191.0100,192.7600,8283300
2004-12-27,189.4300,193.3000,189.1000,191.9100,12195900
2004-12-23,187.4500,188.6000,186.0000,187.9000,7221900
2004-12-22,183.9000,186.8500,183.0100,186.3000,7806100
2004-12-21,186.2800,187.8800,183.4000,183.7500,11021500
2004-12-20,182.0000,188.4600,181.8700,185.0200,19649300
2004-12-17,176.7600,180.5000,176.5500,180.0800,14757600
2004-12-16,177.2200,180.4900,175.9500,176.4700,17128400
2004-12-15,177.9900,180.6900,176.6600,179.7800,22919000
2004-12-14,171.0000,178.8200,169.6000,178.6900,22154600
2004-12-13,172.0300,173.1800,169.4500,170.4500,9627500
2004-12-10,173.4300,174.8800,171.2900,171.6500,8625700
2004-12-09,170.2500,173.5000,168.4700,173.4300,15292600
2004-12-08,170.5700,173.6800,168.7300,169.9800,15068500
2004-12-07,176.0000,176.2000,170.5500,171.4300,13728000
2004-12-06,179.1300,180.7000,176.0200,176.2900,12495400
2004-12-03,180.0000,181.0600,177.6000,180.4000,11726600
2004-12-02,179.9000,181.5100,178.5500,179.4000,12509200
2004-12-01,181.7700,182.5000,179.5500,179.9600,15712400
2004-11-30,180.7000,183.0000,180.2500,181.9800,15384600
2004-11-29,180.2550,182.9500,177.5100,181.0500,21311800
2004-11-26,175.8000,180.0300,175.3200,179.3900,12947200
2004-11-24,174.8400,177.2100,172.5100,174.7600,30531400
2004-11-23,167.9150,170.8300,166.5000,167.5200,24801700
2004-11-22,168.6000,169.5000,161.3100,165.1000,24711600
2004-11-19,169.0600,169.9800,166.5200,169.4000,17521000
2004-11-18,170.4000,174.4200,165.7300,167.5400,33225900
2004-11-17,169.0200,177.5000,169.0000,172.5000,36229500
2004-11-16,174.3900,179.4700,170.8300,172.5450,41792900
2004-11-15,180.4500,188.3200,178.7500,184.8700,23779100
2004-11-12,185.2300,189.8000,177.4000,182.0000,33458700
2004-11-11,169.3200,183.7500,167.5700,183.0200,29941000
2004-11-10,170.6700,172.5200,166.3300,167.8600,21266700
2004-11-09,174.1000,175.2000,165.2700,168.7000,22106200
2004-11-08,170.8600,175.4400,169.4000,172.5500,22361200
2004-11-05,182.0000,182.3000,168.5500,169.3500,39626500
2004-11-04,188.2500,190.4000,183.3500,184.7000,28790300
2004-11-03,198.1900,201.6000,190.7500,191.6700,27749600
2004-11-02,198.7300,199.2500,193.3400,194.8700,22669900
2004-11-01,193.5000,197.6700,191.2700,196.0300,24425300
2004-10-29,198.8700,199.9500,190.6000,190.6400,42282600
2004-10-28,186.6300,194.3900,185.6000,193.3000,29663900
2004-10-27,182.5090,189.5200,181.7700,185.9700,26686200
2004-10-26,186.4490,192.6400,180.0000,181.8000,44569500
2004-10-25,176.2800,194.4300,172.5500,187.4000,65462800
2004-10-22,170.4350,180.1700,164.0800,172.4300,73710000
2004-10-21,144.1300,150.1300,141.6200,149.3800,29149800
2004-10-20,147.9400,148.9900,139.6000,140.4900,22722600
2004-10-19,150.5000,152.4000,147.3500,147.9400,18109800
2004-10-18,143.1200,149.2000,141.2100,149.1600,14036300
2004-10-15,144.9500,145.5000,141.9500,144.1100,13194700
2004-10-14,141.0200,142.3800,138.5600,142.0000,10442100
2004-10-13,143.2400,143.5500,140.0800,140.9000,19766200
2004-10-12,134.4900,137.6100,133.4000,137.4000,11665500
2004-10-11,137.0100,138.8600,133.8500,135.2600,10472100
2004-10-08,138.7300,139.6800,137.0200,137.7300,11069500
2004-10-07,136.5600,139.8800,136.5500,138.8500,14115000
2004-10-06,137.6700,138.4500,136.0000,137.0800,13381400
2004-10-05,134.6600,138.5300,132.2400,138.3700,14973200
2004-10-04,135.2750,136.8700,134.0300,135.0600,13022700
2004-10-01,130.8000,134.2400,128.9000,132.5800,15124800
2004-09-30,129.8990,132.3000,129.0000,129.6000,13758000
2004-09-29,126.5300,135.0200,126.2300,131.0800,30516400
2004-09-28,121.1500,127.4000,120.2100,126.8600,16929000
2004-09-27,119.5600,120.8800,117.8000,118.2600,7066100
2004-09-24,120.9700,124.1000,119.7600,119.8300,9123400
2004-09-23,118.8400,122.6300,117.0200,120.8200,8535600
2004-09-22,117.4500,119.6700,116.8100,118.3800,7581200
2004-09-21,120.2000,120.4200,117.5100,117.8400,7228700
2004-09-20,116.9500,121.6000,116.7700,119.3600,10628700
2004-09-17,114.4200,117.4900,113.5500,117.4900,9472500
2004-09-16,112.3400,115.8000,111.6500,113.9700,9266300
2004-09-15,110.5600,114.2300,110.2000,112.0000,10713000
2004-09-14,107.4400,112.0000,106.7900,111.4900,10828900
2004-09-13,106.6300,108.4100,106.4600,107.5000,7844100
2004-09-10,101.4700,106.5600,101.3000,105.3300,8698800
2004-09-09,102.5000,102.7100,101.0000,102.3100,4061700
2004-09-08,100.7400,103.0300,100.5000,102.3000,4985600
2004-09-07,101.0100,102.0000,99.6100,101.5800,5847500
2004-09-03,100.9500,101.7400,99.3200,100.0100,5152400
2004-09-02,99.0900,102.3700,98.9400,101.5100,15118600
2004-09-01,102.7000,102.9700,99.6700,100.2500,9138200
2004-08-31,102.3200,103.7100,102.1600,102.3700,4917800
2004-08-30,105.2800,105.4900,102.0100,102.0100,5196700
2004-08-27,108.1000,108.6200,105.6900,106.1500,6211700
2004-08-26,104.9500,107.9500,104.6600,107.9100,7094800
2004-08-25,104.7600,108.0000,103.8800,106.0000,9188600
2004-08-24,111.2400,111.6000,103.5700,104.8700,15247300
2004-08-23,110.7600,113.4800,109.0500,109.4000,18256100
2004-08-20,101.0100,109.0800,100.5000,108.3100,22834300
2004-08-19,100.0100,104.0600,95.9600,100.3350,44659000
